pair_id,set,severity,architecture,gt_found,gt_x,gt_y,gt_scale,gt_rot,x,y,scale,theta,score,net_score,zncc,peak_ratio,pose_peak,psr,apce,n_hyp,n_hyp_offered,secs
test_A_00000012,A,1,dram_loose,1,469.1280778484901,752.4365817740049,11.53200815787758,4.159249514126607,468.92343205958605,752.4330397248268,11.525868079332854,4.176259474659264,0.5176918506622314,0.5176918506622314,0.7110198140144348,0.0703661782700864,0.7464471459388733,468.5638522243265,24521.631257819972,3,3,0.8114947310000389
test_A_00000015,A,4,dram_dense,1,621.1156799624005,744.1230792116862,8.992983175052604,0.4560997041897998,619.941126126796,744.0827177986503,8.963733524501183,0.29402464634934455,0.8327354192733765,0.9420138597488403,0.8327354192733765,0.03336102609594688,0.8327366709709167,1598.0690289468132,22223.834042446302,3,3,0.6636498550001306
test_A_00000018,A,3,finfet_22nm,1,490.46987082901535,873.481143973652,8.15953936632283,4.09585474458583,490.6500945985317,873.4722860530019,8.17624576757064,4.077556367503435,0.7543399333953857,0.7543399333953857,0.9728387594223022,0.2245970281905642,0.972838819026947,567.2040746576647,16615.164194806162,2,2,0.5023092770002222
test_A_00000021,A,2,finfet_14nm,1,648.8808650035559,503.5664964661066,11.151487981040008,-2.256462748738597,649.0041645169258,503.5684414803982,11.178108624632705,-2.2078933704978545,0.7523408532142639,0.7523408532142639,0.8961124420166016,0.019858229775589566,0.9040884971618652,1557.3577986059502,21232.691676740404,2,2,0.4349211179996928
test_A_00000024,A,1,finfet_45nm,1,386.13896231114506,478.8901181716259,11.342611375635292,1.363748849241918,385.5913337916136,478.8621809184551,11.370912492217284,1.5099580148322256,0.3388531506061554,0.3388531506061554,0.6779186129570007,0.2409570339555102,0.7121104001998901,355.9005241044243,32209.84639904378,3,3,0.8259336220003206
test_A_00000027,A,4,finfet_22nm,1,618.9215303664964,686.9478480100653,11.843835896101451,0.6233148599517158,619.0396188944578,686.9446495734155,11.825173557417534,0.3998418344947144,0.883064329624176,0.9277918934822083,0.883064329624176,0.036333044023213766,0.8830630779266357,2278.2660002014836,58141.37159090826,2,2,0.44899556900008974
test_A_00000030,A,3,finfet_28nm,1,714.6647188024422,721.1709067351237,9.3069130778194,-3.312436077828273,714.266379237175,721.1749160736799,9.303494283099644,-3.497472397167887,0.8400339484214783,0.9181723594665527,0.8400339484214783,0.028517381603123684,0.8400339484214783,1906.5916716682586,26508.187013479328,3,3,0.6857290210000428
test_A_00000033,A,2,finfet_7nm,1,185.04068873434775,914.7170358516722,9.582058582689609,-4.200814325540076,185.59838568419218,914.7265800237656,9.497757723997426,-4.443498389499902,0.8026189804077148,0.9389997720718384,0.8026189804077148,0.06883696234090031,0.8026198744773865,896.4635654372544,30640.53468594337,3,3,0.5968741669998963
test_A_00000000,A,1,finfet_14nm,1,310.29036781439254,335.82386632668306,9.75228803210116,1.8522376622030563,310.38860692083836,335.7414357662201,9.785964761357862,2.093696777320659,0.784974992275238,0.9583544731140137,0.784974992275238,0.022169449520229475,0.7849739193916321,1681.6356804038312,36043.81078409201,3,3,0.819451724999908
test_A_00000003,A,4,dram_1x,1,357.02879377922767,765.6372523992105,10.794587300009724,-3.3513437290684367,356.48742549680173,765.5911891683936,10.871682771667649,-3.367598352671209,0.7768827080726624,0.8892328143119812,0.7768827080726624,0.027493682740715085,0.7744148969650269,1111.1346932232666,51127.23495307689,3,3,0.6078817900001923
test_A_00000006,A,3,dram_wide,1,453.3918716405662,340.9236550226419,8.189538182178342,-0.9314495734417888,453.11565436422825,340.9417263045907,8.193790454728102,-1.018466740324052,0.8314352035522461,0.9148504734039307,0.8314352035522461,0.012748291274134705,0.8314375281333923,1895.7991984174928,11121.8091787825,3,3,0.6886117270000796
test_A_00000009,A,2,dram_loose,1,290.2456966432096,761.4746573660807,10.689101802491512,-2.721135639712156,290.3332432806492,761.4751285370439,10.710996027979787,-2.8144956171605964,0.7450037598609924,0.7450037598609924,0.8984453082084656,0.20785158822374974,0.898445725440979,826.3127467796888,26871.58056110182,3,3,0.5848034010000447
test_A_00000036,A,1,finfet_14nm,1,118.4512145543934,566.7228653288133,9.140199144357982,-2.1111951605859414,118.93024192750454,566.8525992333889,9.17997447258283,-2.0674459561749803,0.6793252825737,0.6793252825737,0.7141132950782776,0.06401363007380681,0.7141119837760925,1210.294890213925,16772.02375604185,3,3,0.5788777060001848
test_A_00000039,A,4,finfet_10nm,1,908.1111776525807,680.3799397372003,10.958064310063424,0.7286762563667626,907.660864546895,680.4137489870191,10.873364032989116,-0.15722048616124093,0.7155315279960632,0.8825134634971619,0.7155315279960632,0.07229310901796751,0.7969776391983032,1469.6508247289885,28898.657980742923,2,2,0.41799049800010835
test_A_00000042,A,3,finfet_14nm,1,632.1161351512972,540.4620251603701,9.12522406939533,-0.3928038438984593,631.8143872618675,540.4743686653674,9.12362479565107,-0.46254891601603904,0.8991716504096985,0.8991716504096985,0.9016023278236389,0.032402400945749775,0.9016018509864807,2002.7995901730787,15899.982147496594,3,3,0.5529486690002159
test_A_00000045,A,2,finfet_7nm,1,600.0022067570972,474.8285662896759,11.120738943884303,1.5748584775242254,599.9793499410152,474.7648466825485,11.127797690012034,1.4974608591497724,0.7673007845878601,0.7673007845878601,0.7698760628700256,0.06443193949649235,0.8581808805465698,1459.9276178862897,30436.13318648495,2,2,0.41509262199997465
test_A_00000060,A,1,finfet_10nm,1,720.7693030570106,179.7987646919522,10.88653950718082,1.5199883842690074,720.8447493463755,179.9215486869216,10.81604834299946,1.7965895869924013,0.8951660394668579,0.9233784675598145,0.8951660394668579,0.09233436474452159,0.8951647877693176,1496.1247087086103,34610.9408634648,2,2,0.4274338909999642
test_A_00000063,A,4,finfet_22nm,1,725.1439081185019,109.28689222576428,11.87149781227928,0.4495204305754416,725.1859605908394,109.33907756209373,11.76266066935326,0.19679662832674388,0.5899131894111633,0.5899131894111633,0.8847599029541016,0.0402458128900574,0.8847599625587463,1341.7214318159624,25913.980677753854,2,2,0.3994515520003006
test_A_00000066,A,3,dram_dense,1,153.43625472276466,921.8957223332352,10.59800779518014,-2.8203129961417583,153.94147654995322,921.9325473457575,10.479677507491674,-2.605676329667255,0.8064156174659729,0.8064156174659729,0.8559772968292236,0.0907613832208044,0.8559777736663818,1150.251482419283,15902.62899495915,3,3,0.5458776730001773
test_A_00000069,A,2,dram_loose,1,568.285546749259,812.9626133062793,10.063384532250328,0.153875378194753,568.472325751558,812.9350791573524,10.101952061590122,0.13617149816696109,0.8064838647842407,0.8064838647842407,0.9127839207649231,0.02590610157204206,0.9322399497032166,1099.80632636754,35855.855078782006,3,3,0.5505312949999279
test_A_00000048,A,1,finfet_7nm,1,148.03295846511477,477.2148314489386,11.64859141075558,3.699140777392081,147.67134603857994,477.20843294262886,11.65421169663899,3.7208965914980507,0.7871686220169067,0.8497236967086792,0.7871686220169067,0.04858059569031926,0.7871691584587097,1369.952888408328,49877.0581547835,3,3,0.5833002519998445
test_A_00000051,A,4,dram_dense,1,465.9903039166693,544.8382987750133,9.907920159565094,2.9536847496082883,466.8366871625185,544.899665594101,9.896169190563338,3.081892697506519,0.8534326553344727,0.9551985263824463,0.8534326553344727,0.2852083532494191,0.8534314632415771,515.1787723954898,22933.076630387906,3,3,0.5800626440000087
test_A_00000054,A,3,finfet_10nm,1,582.2200135519029,520.6486517155284,9.536000871904458,3.4887998028320717,581.4929651319981,520.6552636325359,9.522327840853006,3.4581637101838973,0.4465183913707733,0.4465183913707733,0.7171580195426941,0.0679822876708699,0.805602490901947,625.9480091174883,14469.561973802454,3,3,0.5382865980000133
test_A_00000057,A,2,dram_loose,1,500.6150701046317,520.9139881411014,11.60120498110784,1.393962203929151,500.8040564805269,520.9409563839436,11.62881047792239,1.6509776773290714,0.8478952050209045,0.9422292113304138,0.8478952050209045,0.008405801399520735,0.8478932976722717,1760.594821794794,44397.65866744344,3,3,0.6330462509999961
test_A_00000072,A,1,dram_wide,1,214.01374028307288,599.3501022840034,10.647955369698918,3.2112052792068955,214.0847169458866,599.344095647335,10.629657973234842,2.9518000736573855,0.831230878829956,0.8785063624382019,0.831230878829956,0.050215120493122586,0.8312304615974426,1793.489663222705,33631.151435879125,2,2,0.4541784689999986
test_A_00000075,A,4,finfet_22nm,1,860.9078863795041,818.440229828103,10.24658697003468,3.4819907588537085,860.9422764778137,818.4544654376805,10.212824147079731,3.453559924999299,0.5947872996330261,0.5947872996330261,0.9407609105110168,0.20320842780373538,0.9579033851623535,769.5095685734659,28318.02355119164,2,2,0.45631142499996713
test_A_00000078,A,3,finfet_14nm,1,536.5569521047094,396.9331928641315,11.524642424446036,-1.4650943711784392,536.1547764390707,396.91122394800186,11.537137942003163,-1.430331233985363,0.8427392840385437,0.9085197448730469,0.8427392840385437,0.037945478451207784,0.8469472527503967,1472.3519748776198,28852.31589339646,3,3,0.6822766529999171
test_A_00000081,A,2,finfet_7nm,1,71.17525326300631,736.6243419483297,10.452635125721145,2.3512841675365648,71.79078921675682,736.630068063736,10.438568173744137,2.124465170010936,0.7860795855522156,0.8679431676864624,0.7860795855522156,0.04099257245219813,0.7860813736915588,1700.9092148700333,25109.207026405133,3,3,0.5876318389996413
test_A_00000084,A,1,dram_wide,1,859.4274247372746,700.0088543488602,8.645154550168607,-2.035577538966631,859.3226569890976,699.8807761892676,8.719846008988885,-2.0077236669744556,0.8956717252731323,0.9249733090400696,0.8956717252731323,0.04428440770959676,0.8956719040870667,1895.4098117313245,13968.683625942556,3,3,0.6581477259996973
test_A_00000087,A,4,finfet_22nm,1,384.0888806625137,671.1626911367034,9.385807313368884,0.8162980240264925,383.5958571061492,671.1939901709557,9.446713707754762,0.6201230709987943,0.8727855086326599,0.9267712831497192,0.8727855086326599,0.13176005177815528,0.8727853894233704,844.8003144600766,25961.03924145489,2,2,0.4429235399998106
test_A_00000090,A,3,dram_dense,1,771.1856973736063,315.7892451815426,11.180488170953934,-1.2152998961795358,771.24925583601,315.8027975857258,11.247174546855835,-1.1586813135197547,0.768521249294281,0.9161507487297058,0.768521249294281,0.11309958277758654,0.8421730399131775,882.5501237406522,34680.65585022538,3,3,0.5732141940002293
test_A_00000093,A,2,dram_dense,1,662.709849465643,505.0990111441486,8.091267268514782,-0.6627661175684647,662.3266902267933,505.07006695121527,8.08707055925455,-0.6630003364956679,0.8788536190986633,0.9543955326080322,0.8788536190986633,0.017109270098862737,0.8788524866104126,1678.2165533815617,20037.969607616895,3,3,0.643934905000151
test_A_00000096,A,1,dram_wide,1,139.53410314693934,772.9487331485573,10.164081801115907,-2.4691384764647,139.39344346523285,772.8808500766754,10.258235974163918,-2.531067416673677,0.8930893540382385,0.9483347535133362,0.8930893540382385,0.008484986400733557,0.8930889368057251,2927.369974124901,38225.926230125166,3,3,0.6830319340001552
test_A_00000099,A,4,finfet_22nm,1,54.32736329068575,483.52268084134937,11.81527421019326,-1.8019757431878836,817.7317951470613,839.5040239542723,8.075768439968915,-1.7635064018134106,0.030073173344135284,0.030073173344135284,0.9220457673072815,0.8782638064609314,0.9304860234260559,48.83348097770335,1178.4217237566797,2,2,0.4840467899998657
test_A_00000102,A,3,dram_wide,1,109.8275562747438,241.27626407124524,9.251718864385502,0.1525084593711243,110.67373667657375,241.10467553138733,9.140334423015135,-0.22916093784459168,0.8818536400794983,0.9178233742713928,0.8818536400794983,0.047438184160673615,0.8686641454696655,1601.1928056656118,21856.170239345585,3,3,0.6305570399999851
test_A_00000105,A,2,finfet_45nm,1,805.1951240714762,187.84283468142064,9.868816944664651,-1.2641498512365548,805.6081685721874,187.93738391250372,9.937340652785972,-1.4830371938544618,0.830752432346344,0.8396814465522766,0.830752432346344,0.014283109427658543,0.830752968788147,1953.5121780912882,29171.19525826607,2,2,0.44343329699995593
test_A_00000132,A,1,dram_1x,1,287.47521275321634,817.5907785734378,9.909459062118696,4.301703080852267,287.75174540281296,817.3962844163179,9.910855928469504,4.1220784256569365,0.886857807636261,0.886857807636261,0.9458134174346924,0.09478369857393018,0.9458150863647461,837.7045339551657,21822.1198846919,2,2,0.4064764820000164
test_A_00000135,A,4,dram_dense,1,141.4024758198746,641.4009451478179,9.755930450621504,-4.534036654520746,140.83466306328773,641.3920316845179,9.74524314731479,-4.495609025158802,0.8158964514732361,0.923748791217804,0.8158964514732361,0.1845506429792928,0.8158960938453674,638.7419017043285,26529.559426569005,2,2,0.3822314770000048
test_A_00000138,A,3,finfet_7nm,1,275.54653251839943,375.0604685126883,11.47579908100607,4.367332854570776,275.21440410614014,375.09464979171753,11.443422243270906,4.421267567346737,0.776279091835022,0.785149872303009,0.776279091835022,0.04908754831704438,0.8334208726882935,1055.1059202603353,51124.30757688438,2,2,0.4319048580000526
test_A_00000141,A,2,finfet_14nm,1,833.1044254342373,761.4493336892759,9.492778590593169,-3.7168762504218646,833.1519493162632,761.4532909989357,9.519825473192862,-3.7760035574958644,0.7415701150894165,0.7415701150894165,0.9092614054679871,0.131378148921487,0.9187706708908081,857.4927070821224,28555.233844175295,2,2,0.5003926740000679
test_A_00000108,A,1,dram_loose,1,846.6266334988782,481.1148881348349,10.794711660159985,4.229111828933995,847.4210936129093,481.119935721159,10.851093741348292,4.039929810987018,0.8260810375213623,0.8489595055580139,0.8260810375213623,0.03516855386266702,0.8582093715667725,892.283160387906,27726.050407462102,3,3,0.6348811510001724
test_A_00000111,A,4,finfet_45nm,1,569.0144844834348,151.97075945155478,9.07156562935925,-2.8470379937595824,568.9737997259945,151.9079425483942,9.070438500713676,-2.986697755016403,0.7994874119758606,0.8763964176177979,0.7994874119758606,0.04185018174594171,0.7994879484176636,1907.1159003606617,13809.690863746906,3,3,0.6004947889996401
test_A_00000114,A,3,finfet_14nm,1,645.5407523226806,631.8717179048542,8.744359387002552,2.857277589408308,645.4589324891567,631.8882184922695,8.729839591190261,2.8302823581563064,0.7849580645561218,0.7849580645561218,0.8941330313682556,0.03404199322202033,0.9133635759353638,1404.6466155948742,27610.64299254309,2,2,0.4412700479997511
test_A_00000117,A,2,dram_loose,1,683.2920335319268,532.0554155207802,8.334039204716643,-2.158506167232118,683.4404998123646,532.0474219657481,8.369187971813197,-2.165734980662124,0.892757773399353,0.892757773399353,0.9140758514404297,0.01782031918167925,0.9140782356262207,2269.1589918987943,20372.433424759532,3,3,0.6321348349997606
test_A_00000120,A,1,finfet_10nm,1,392.0055693448944,254.01695082929817,8.448895574268098,-0.2691603506802256,393.1490003168583,254.02649284526706,8.47585866071141,-0.19338621531914507,0.8402732610702515,0.9447090029716492,0.8402732610702515,0.038774373900089636,0.8402741551399231,1224.22041469189,26206.126126974395,3,3,0.6555130760002612
test_A_00000123,A,4,dram_1x,1,573.5497511001544,731.2328467294797,11.185509803688165,-0.5926910801742471,574.5788492560387,731.2434054762125,11.240120915657794,-0.5043909748411989,0.8760502934455872,0.8760502934455872,0.8862497806549072,0.032637397488107824,0.8980308175086975,1918.2193744848173,24870.230563720204,2,2,0.4508548049998353
test_A_00000126,A,3,finfet_10nm,1,406.455472740443,600.4925498071011,8.878810275473814,0.0495492131114927,406.0926905721426,600.4842657148838,8.905114764094806,-0.01361857599416752,0.9000024795532227,0.917202353477478,0.9000024795532227,0.01563592767970995,0.9000020623207092,1926.0473918421003,15936.114785170177,2,2,0.4566361840002173
test_A_00000129,A,2,finfet_10nm,1,426.7252433231408,587.4123087195767,9.59058874020544,2.4972361545534376,426.0776846855879,587.4066122472286,9.626347593479423,2.4788963671676063,0.6677421927452087,0.6677421927452087,0.7008893489837646,0.09395389612737111,0.7787709832191467,915.0353852593917,35192.60068902862,3,3,0.5949991570000748
test_A_00000144,A,1,dram_loose,1,240.17374295587692,518.9636976463584,10.127275558584929,-0.1263121646183505,238.947195738554,518.9618555344641,10.07987977142138,-0.11987292284445136,0.8474870324134827,0.971439778804779,0.8474870324134827,0.05075566532325483,0.8474867343902588,2040.3483383294385,30299.54193449808,3,3,0.5765881439997429
test_A_00000147,A,4,dram_legacy,1,817.8479162762019,67.18859007916825,11.480232588544318,2.591431359089549,818.0495250597596,67.18389731645584,11.539034735975171,2.7423107863319593,0.779955267906189,0.8225297331809998,0.779955267906189,0.02288474521547804,0.8821399807929993,1550.2544063847408,23423.31701148979,3,3,0.6067288369999915
test_A_00000150,A,3,finfet_7nm,1,318.5176326352174,478.089116011426,10.959888378236071,1.1476359911753349,318.3600008934736,478.1182746589184,10.947403241843677,1.1206522123527656,0.9150158166885376,0.95387864112854,0.9150158166885376,0.008671590353954166,0.9223692417144775,2134.6770264858883,36004.3478212955,2,2,0.48551233899979707
test_A_00000153,A,2,finfet_28nm,1,157.96672770297414,910.4211226005036,9.88705935928803,-3.0503115009187742,157.90586000680923,910.5357431434095,9.795525936249406,-3.2349350191699613,0.6918336153030396,0.9281871914863586,0.6918336153030396,0.02824169426196879,0.6918324828147888,2120.0490378838012,25386.232519432546,3,3,0.5890891829999418
test_A_00000156,A,1,dram_1x,1,493.9109498790044,835.580534511938,11.587357505448612,4.537334482336913,493.9034535139799,835.5921298265457,11.502504302644605,4.490986571068731,0.6601055264472961,0.8948996067047119,0.6601055264472961,0.0466185838558927,0.7455945014953613,1044.9880324911014,55271.98680053858,3,3,0.6716752679999445
test_A_00000159,A,4,finfet_10nm,1,273.13669610580826,777.7715765862418,8.883540141486515,0.2862998004018058,271.9950052704662,777.8061229288578,8.837932078672404,0.1559782381551842,0.7252202033996582,0.7252202033996582,0.8013089895248413,0.06132186610105747,0.8165470957756042,795.2080050724034,22379.842427257994,3,3,0.5981185440000445
test_A_00000162,A,3,finfet_7nm,1,695.3325592579014,482.60959872311525,11.399681187254275,1.4634044308648972,695.8753815293312,482.7114286720753,11.365532444356754,1.5959684629893724,0.7031130790710449,0.9195741415023804,0.7031130790710449,0.047359088674060114,0.7361149787902832,1879.7842385113142,45008.92221671882,3,3,0.6124858279999899
test_A_00000165,A,2,finfet_22nm,1,898.5487997718208,200.51807293616173,8.626496698894453,0.3023622602890485,898.2139710485935,200.51462157815695,8.648186825959197,0.30417239548874175,0.9118866920471191,0.9118866920471191,0.9283688068389893,0.023353192578299646,0.9283685684204102,2051.383458479309,18426.68141207699,3,3,0.6454549580003004
test_A_00000168,A,1,finfet_14nm,1,224.9953925694385,783.9553415260361,8.77024422789681,-1.3762223825867117,224.98349315300584,783.9266548454762,8.80925653036696,-1.3460144543139014,0.9000623226165771,0.9000623226165771,0.9443176984786987,0.07135755575628422,0.9443181157112122,1207.7859213139068,15734.728063585968,3,3,0.6463355109999611
test_A_00000171,A,4,finfet_14nm,1,895.043260671611,544.226213310474,9.107202015238109,-0.4933802915411958,895.5144293503836,544.2732843905687,9.165670628752116,-0.4517569668373851,0.8585964441299438,0.9072200059890747,0.8585964441299438,0.013070259478815129,0.8585973978042603,2309.210972851627,14569.695600724579,3,3,0.6334918580000704
test_A_00000174,A,3,dram_loose,1,851.2304508124773,236.4123612062893,10.011555601455402,2.168714488945688,851.6325773596764,236.4430838264525,10.026062869560343,2.147049660985616,0.9128865003585815,0.9128865003585815,0.9348726272583008,0.04536536183081224,0.9348731637001038,2910.3505373067137,31166.558162333826,3,3,0.5537927260002107
test_A_00000177,A,2,dram_compact,1,275.31753161624295,389.9568695053762,10.30129803867729,-1.6742730693035677,275.8003777116537,389.915169224143,10.311804841127255,-1.2084167428427688,0.8859567046165466,0.8911780118942261,0.8859567046165466,0.02092688521060716,0.8859559893608093,2586.0633992811318,19373.80573979483,3,3,0.6284417830001985
test_A_00000180,A,1,dram_wide,1,108.88080401673515,432.2114240432006,10.6581021063332,1.0491550498318558,108.16694742441177,432.18399508297443,10.6851932117874,0.9519093633336138,0.7164849638938904,0.7164849638938904,0.9094540476799011,0.05086838053235677,0.9094541072845459,913.1306084469007,15939.629675621964,3,3,0.6493159939996076
test_A_00000183,A,4,dram_compact,1,593.9582356009865,615.4402171461466,9.422006345422435,-2.8989940230207734,593.8478878736496,615.171702221036,9.433936365331796,-3.1064987259955696,0.7961569428443909,0.937247633934021,0.7961569428443909,0.009263617016757262,0.7961570620536804,2161.586875695233,29576.318010259394,3,3,0.6087746910002352
test_A_00000186,A,3,dram_compact,1,101.67811628148422,147.56270853075273,8.064261522452316,-3.987028297438577,101.41727486252785,147.49240791797638,8.0,-4.102527602832113,0.7579225301742554,0.7579225301742554,0.8806630373001099,0.48039660014328595,0.9105381965637207,745.0347451848924,16072.923866015179,3,3,0.6642263039998397
test_A_00000189,A,2,dram_loose,1,190.00330270133065,179.3541380816551,10.52537772263038,1.226926604583486,190.58745359629393,179.42983013391495,10.596970610382556,1.2159937823300524,0.8235806226730347,0.8851876258850098,0.8235806226730347,0.019290344245876234,0.8235791921615601,2232.380689944151,38882.9390670777,2,2,0.44952167500014184
test_A_00000192,A,1,dram_wide,1,395.8815902446444,527.183072106992,8.422286107521698,-1.9970587440367948,396.6884111762047,527.1751440018415,8.420375422718514,-1.9384862906556748,0.8647943139076233,0.9404087662696838,0.8647943139076233,0.0385217491860689,0.8647957444190979,1574.702922109647,26048.055696252428,2,2,0.4707410409996555
test_A_00000195,A,4,finfet_28nm,1,685.6042711527728,723.4816176923559,8.9091467432943,-4.3011723035285465,685.5885796993971,723.4743137974292,8.923927491461672,-4.4065533708336835,0.8109160661697388,0.9657856225967407,0.8109160661697388,0.017555196216252178,0.8109163641929626,1895.3543790045812,22411.601400897907,3,3,0.606239344000187
test_A_00000198,A,3,finfet_22nm,1,435.6848989715696,738.9019087342588,11.238367771491165,-1.4335119728117265,435.1820661574602,738.9248860403895,11.236171309960007,-1.4671296251644097,0.6937994360923767,0.8950409293174744,0.6937994360923767,0.04425336775815872,0.6861971020698547,1202.1319080300564,37267.77205557163,3,3,0.6208452320001925
test_A_00000201,A,2,finfet_45nm,1,702.9899117226976,464.5859888554935,10.69868196989738,4.030738613441228,702.5880351960659,464.5895247682929,10.707975720308953,4.143187827498387,0.7445002794265747,0.7445002794265747,0.8565307855606079,0.018676650837883273,0.8565316796302795,2124.7812905553164,34533.32133295709,2,2,0.44724930700022014
test_A_00000204,A,1,finfet_22nm,1,651.7002033750673,360.4510773711978,11.395068774800226,2.7493783903976805,650.4848866313696,360.44328020885587,11.375717874121953,2.6192344918142525,0.780312716960907,0.9056682586669922,0.780312716960907,0.07750062489338312,0.7803117036819458,1373.46368052654,39609.37207375434,3,3,0.5921441919999779
test_A_00000207,A,4,finfet_45nm,1,706.6917181283936,459.3722375026625,9.556271112681408,3.605084297020424,706.9717056453228,459.34338015317917,9.564580384753587,3.5274010865026777,0.6854961514472961,0.6854961514472961,0.7555893063545227,0.04656180349451256,0.7856835126876831,1037.538176907691,22649.073107428292,3,3,0.6060920059999262
test_A_00000210,A,3,dram_dense,1,285.8762141478774,562.36252542148,11.733163406936656,-1.8718763816369963,286.34757383167744,562.3178443312645,11.765339514879786,-1.3170232199927094,0.7944911122322083,0.9333167672157288,0.7944911122322083,0.02152916072765024,0.794489860534668,1717.2167166938434,47000.53025857391,3,3,0.6134858730001724
test_A_00000213,A,2,dram_loose,1,698.0972624195634,367.71035429490473,8.701026646487911,-3.2006857627493424,698.5082385838032,367.72380824387074,8.710271623535661,-3.263218915848124,0.901323139667511,0.901323139667511,0.9466743469238281,0.008153361717666136,0.9466753602027893,3013.976441933836,18074.685793010314,3,3,0.6114719030001652
test_A_00000228,A,1,finfet_28nm,1,345.793799308855,536.0046060198935,8.352330647226042,3.4180751368053848,345.99211074318737,535.9583820365369,8.34539145348556,3.4915286123191174,0.4241420328617096,0.4241420328617096,0.9199905395507812,0.032241873330548496,0.9199904799461365,670.5371969877733,20399.129951476218,3,3,0.6245137949999844
test_A_00000231,A,4,finfet_28nm,1,629.5849178848034,62.65135700333883,9.123238380866024,1.824167447722048,630.1847839653492,62.70699429512024,9.211076446601169,1.8579451308314403,0.8601312637329102,0.9583843350410461,0.8601312637329102,0.028609878906806576,0.860132098197937,2360.6565467390005,28427.65786929582,2,2,0.43833126400022593
test_A_00000234,A,3,finfet_22nm,1,520.5910901528317,687.7450655339815,11.579195448469209,4.474596724384695,520.531744942069,687.6458657979965,11.58907218396438,4.21438632748437,0.852124035358429,0.8719401359558105,0.852124035358429,0.03877250554525315,0.8521254062652588,1877.9788699547644,21334.790013763468,3,3,0.6302432759998737
test_A_00000237,A,2,finfet_14nm,1,939.067754622639,913.8435953476676,10.234708313109271,1.466279807825127,938.5404081828892,913.8503533899784,10.33463630350655,1.4464947198388154,0.6680684089660645,0.6680684089660645,0.9294518232345581,0.04141332453868231,0.9359933733940125,922.4527547529333,14369.771877455041,2,2,0.43927223400032744
test_A_00000216,A,1,dram_wide,1,295.0326797962663,227.53253898088605,10.144227751220075,4.7445597056364885,294.97647282108665,227.56010815501213,10.145613766619109,4.714570614278339,0.8187692761421204,0.968313455581665,0.8187692761421204,0.016796684275327652,0.8187680244445801,2292.141274103455,39013.28148522281,3,3,0.6337551440001334
test_A_00000219,A,4,dram_1x,1,611.0943139697825,234.7810851681743,10.042476895676652,-0.3733897502814454,611.68100951612,234.74718202650547,9.987262030615936,-0.4379198114907607,0.870049774646759,0.9004163146018982,0.870049774646759,0.025342478879426502,0.8700493574142456,2381.7091971496043,23242.592621824446,3,3,0.611670786999639
test_A_00000222,A,3,dram_legacy,1,257.7553940411348,226.8890681763794,10.74074356581974,-3.8454576912364615,257.93349312990904,226.9269237369299,10.733577115708176,-3.9107746421514835,0.9289335012435913,0.9495083093643188,0.9289335012435913,0.052888332946434885,0.9289336204528809,2433.0348369829203,35490.57409378625,2,2,0.44939470999997866
test_A_00000225,A,2,finfet_28nm,1,734.7589404621993,654.3986545642036,11.004149394880738,-3.67805779945943,734.3898484259844,654.893944144249,10.997793615761362,-3.3909132573251464,0.4396429657936096,0.6750820875167847,0.4396429657936096,0.23057897414426526,0.45861539244651794,661.941422971043,30809.92600828549,3,3,0.6306101310001395
test_A_00000240,A,1,finfet_45nm,1,637.098518518096,681.7736218271757,10.373032414498576,-0.8459967956220229,637.1534714698792,681.7715739905834,10.374984319637301,-0.9274499623317349,0.5439403057098389,0.5439403057098389,0.8783138990402222,0.14075568026663732,0.9058562517166138,733.6367696172252,21363.57823700558,3,3,0.5894833010002003
test_A_00000243,A,4,finfet_22nm,1,247.1707249127276,98.67134525857888,10.737960322361968,-0.2707091905769889,246.41220701485872,98.66274955868721,10.768799490795619,-0.1552709005121555,0.9148460626602173,0.9353762865066528,0.9148460626602173,0.08181616369326215,0.91484534740448,1552.973392235795,37255.91627083576,1,1,0.2817707829999563
test_A_00000246,A,3,dram_1x,1,747.2552790794955,890.1294479518169,9.132117980226337,1.4112245419667468,748.0541830658913,890.1258223503828,9.217369521495536,1.3707901863263514,0.8043986558914185,0.8450860977172852,0.8043986558914185,0.057601451405087475,0.8043968081474304,1370.6110443768796,11973.565298191377,2,2,0.4609324549996927
test_A_00000249,A,2,dram_legacy,1,386.4133804320919,359.0980221537722,9.7711802627854,-4.114057810950492,386.38931396603584,359.04799354448915,9.765284189102521,-4.173895806341493,0.6465752720832825,0.8469080328941345,0.6465752720832825,0.01317781671678716,0.7944173216819763,1341.4397159343664,15597.892684183002,3,3,0.6237102089999098
test_A_00000252,A,1,finfet_22nm,1,457.6143828874325,716.1581296155465,9.259066481727611,-3.673154889099197,456.1542099118233,716.0628447681665,9.260048807735142,-3.754540486832899,0.8063852190971375,0.8063852190971375,0.8516495227813721,0.06845085379822852,0.8516497015953064,1067.0523551973135,20408.77023353364,2,2,0.4617489900001601
test_A_00000255,A,4,dram_compact,1,681.5591560107458,109.92928952781182,11.146020536337604,-2.770738575631687,852.884558826685,118.72376903891563,11.273897520969417,-2.8336323573167337,0.5428581833839417,0.5428581833839417,0.8926965594291687,0.45034204216697415,0.8955464363098145,314.7627312899444,30199.083579289447,2,2,0.45193071399990004
test_A_00000258,A,3,finfet_28nm,1,880.0992482429331,880.6711290066241,9.710693610255603,-0.974789670184628,880.6279452443123,880.6439278274775,9.736895491702315,-1.0025218338230566,0.8273499608039856,0.9483155608177185,0.8273499608039856,0.17984913037917122,0.8273510932922363,1024.7660717451063,25279.0446257958,2,2,0.47537439000007
test_A_00000261,A,2,dram_1x,1,412.7664218604791,202.31567411030855,8.748136597082237,3.804007603459368,410.9989259885624,202.29512026906013,8.711726801998152,3.717034758010824,0.781478762626648,0.781478762626648,0.8506349921226501,0.11619194452796186,0.8567439317703247,1152.2408287037797,10874.153878355633,3,3,0.6162471799998457
test_A_00000264,A,1,finfet_22nm,1,928.3147140559612,841.485034702705,8.734888143428206,0.1885491591518349,928.4549505896866,841.7257782667875,8.908441809677326,0.41533532051608124,0.8388713002204895,0.8388713002204895,0.8584636449813843,0.01841706715610606,0.858464241027832,1458.2592865495112,10676.309903406725,3,3,0.6353430530002697
test_A_00000267,A,4,dram_dense,1,898.2201929891557,392.0384876745512,10.07394409458371,-3.9056372725102007,898.3303246200085,392.03577287495136,10.067055630481672,-3.943236703327446,0.8350081443786621,0.8350081443786621,0.888507604598999,0.017748742746863614,0.8914507031440735,1254.7660589170782,25966.522814843705,3,3,0.6512841229996411
test_A_00000270,A,3,dram_compact,1,200.65739461851103,788.4542876629257,10.391255707326918,-4.34599929648024,200.08873480558395,788.4480756185949,10.33548608041307,-4.2917356536534585,0.8298937082290649,0.913294792175293,0.8298937082290649,0.02842679265597149,0.8460598587989807,2101.4810279187304,35202.08039635715,3,3,0.6782539740001994
test_A_00000273,A,2,dram_legacy,1,651.3937744287127,802.8476307844433,8.936063523454134,-0.7176744139947946,652.0919178649783,802.8873405009508,8.9297197811099,-0.6876063649847178,0.9266109466552734,0.9266109466552734,0.948802649974823,0.013211040605618748,0.9488015174865723,3035.479439541813,20896.990715562308,2,2,0.5025777449995985
test_A_00000276,A,1,dram_wide,1,910.0690606401027,620.0507571660041,8.11565327601432,3.721051238061913,910.0026518448722,620.0484371110797,8.180516008820968,3.6570192138359556,0.8680686950683594,0.8680686950683594,0.9190250635147095,0.00827577217525867,0.9190253615379333,2900.313654979108,11402.011035666974,3,3,0.6225837179999871
test_A_00000279,A,4,finfet_14nm,1,390.50822218498433,216.7539081810152,11.687495137059514,-4.18877499844533,390.37666496634483,216.72300316393375,11.638104544242013,-4.256398089832927,0.8165607452392578,0.9152916669845581,0.8165607452392578,0.03662792655088426,0.8165578246116638,1502.637076645717,42804.60114172299,2,2,0.49296976200002973
test_A_00000282,A,3,finfet_22nm,1,878.2359142945436,441.9737196239034,11.3067140684156,-4.410866549207481,878.8164595216513,441.99377230135724,11.420741362516418,-4.487489944421132,0.7837479114532471,0.9140968918800354,0.7837479114532471,0.04750186750118235,0.7837492227554321,2056.0178613397393,30462.46074789871,3,3,0.6862340460002088
test_A_00000285,A,2,dram_legacy,1,504.99235185375454,849.3706715953031,10.86834919003567,-0.124938351987093,505.2734192162752,849.3595675826073,10.836838289099736,-0.08406086250806163,0.8868805170059204,0.9286758303642273,0.8868805170059204,0.0117925996247255,0.8868811130523682,2450.626416073583,34361.41274243319,2,2,0.4946100000001934
test_A_00000288,A,1,finfet_7nm,1,679.396299375539,375.6812167887206,11.5874910573387,4.500731979376111,680.0794658213854,375.6943355202675,11.572189403951528,4.506291684661227,0.41509124636650085,0.41509124636650085,0.7950068116188049,0.04982561037714195,0.8041747212409973,506.2886243689039,35755.00688540456,3,3,0.6501908420000291
test_A_00000291,A,4,finfet_45nm,1,51.101763294899854,266.4335316001972,11.804040423885256,-0.629709091605859,51.42607554793358,266.4871583878994,11.791613369977338,-0.40883082551145455,0.6048411726951599,0.9007748365402222,0.6048411726951599,0.0369963629100531,0.815676212310791,1595.6496718406838,43151.13208561884,3,3,0.6787933870000415
test_A_00000294,A,3,dram_dense,1,876.8159178151288,932.7084626544232,8.224674490799263,1.1573088734537471,877.5852199494839,932.6793075501919,8.32215214416927,1.3253795489883073,0.7377785444259644,0.7377785444259644,0.9196046590805054,0.8372789502555771,0.9307225942611694,151.19312561691825,9267.558828007435,3,3,0.6866602000000057
test_A_00000297,A,2,finfet_22nm,1,820.4239572103049,56.88398657191061,9.593147468974404,2.52151691615345,820.3441115021706,56.896160155534744,9.63468502327824,2.4871922823160326,0.5923190116882324,0.5923190116882324,0.8382760882377625,0.08310074129576721,0.8617978096008301,835.5782216881036,21997.811711793565,3,3,0.6537687610002649
test_A_00000300,A,1,dram_wide,1,593.404582710515,101.66477578141814,10.478200941757327,-0.3613187222149783,593.4549652896821,101.65485794842243,10.546767523185851,-0.2875690271737749,0.8811648488044739,0.9455795884132385,0.8811648488044739,0.008679064820693999,0.8811644911766052,3088.7549171921387,35347.07523619357,3,3,0.7135558070003754
test_A_00000303,A,4,dram_compact,1,828.8589768735239,842.7387442744133,11.293316623018065,-3.432367873380071,829.0409934818745,842.7451656013727,11.20149300521089,-3.488848612990775,0.8641102910041809,0.889716625213623,0.8641102910041809,0.03163468336302456,0.8860957622528076,1149.8975757562905,36897.364488557105,3,3,0.6465434749998167
test_A_00000306,A,3,dram_1x,1,814.6872002888447,476.8264615585093,10.837072849986845,2.889145250773362,816.485434207134,476.830230563879,10.87269381280049,2.9427248690006453,0.5710678100585938,0.5710678100585938,0.837727427482605,0.11018864769675756,0.861473798751831,764.3513452719013,29223.825714519957,3,3,0.7001704639997115
test_A_00000309,A,2,finfet_22nm,1,304.9377897496313,588.581367413619,10.88114253363572,-3.592994837405561,304.75542759895325,588.588840007782,10.891919138499425,-3.781996218173691,0.36766886711120605,0.36766886711120605,0.8050493001937866,0.1070695826024648,0.8777431845664978,458.50217839898346,21032.68784519595,2,2,0.4320968779998111
test_A_00000312,A,1,finfet_28nm,1,540.5008731666106,154.947727489135,9.33989218862422,3.9671696229599984,539.9621933661401,154.97233580425382,9.3369500003526,3.873841161503379,0.6614407896995544,0.6614407896995544,0.8616749048233032,0.0181368194921482,0.8616750836372375,1184.302277333351,23495.36241537066,3,3,0.7158120930002951
test_A_00000315,A,4,finfet_45nm,1,412.0400285786076,166.3416948678016,11.572241029351256,-1.911541998044166,411.22787633538246,166.36309590935707,11.634508785637928,-1.8978749418184582,0.6976787447929382,0.9249194860458374,0.6976787447929382,0.07844121606895511,0.6976799964904785,1318.5396657461113,29286.36328633127,3,3,0.6968815069999437
test_A_00000318,A,3,dram_wide,1,341.22169605993133,819.0305488315729,11.327860405777177,-2.801013692947352,341.20554688572884,819.0371961183846,11.358205553023815,-2.7924114224946024,0.8163164258003235,0.8874080777168274,0.8163164258003235,0.034275146211065824,0.816316545009613,1626.1288864591704,23475.585460669165,3,3,0.6674104109997643
test_A_00000321,A,2,dram_legacy,1,291.6623687546622,814.566099129797,9.427378812565069,-1.1502502314139686,291.36579474806786,814.5327728502452,9.475248906389078,-1.15909539618844,0.7816674709320068,0.7816674709320068,0.8863019943237305,0.07066722273040743,0.8863016366958618,936.2181690800292,22879.77475398012,3,3,0.6609960910000154
test_A_00000324,A,1,finfet_45nm,1,907.0010944884434,518.294105558576,9.30816622480441,2.0845773047352365,906.5508050918579,518.2975175380707,9.259680706456217,2.0882390270058604,0.632023811340332,0.632023811340332,0.9167920351028442,0.022919329873816438,0.9384400248527527,1059.0771332160693,29143.93289671426,3,3,0.6564817190001122
test_A_00000327,A,4,finfet_14nm,1,166.05462073079974,810.9611454717251,10.982680124423007,-1.6625216940057044,166.58282765001059,811.1922131478786,10.873351016774409,-2.0075397016763405,0.7577512264251709,0.8616604804992676,0.7577512264251709,0.03435986728659632,0.7577500939369202,1429.686253194913,39242.772676056906,1,1,0.27985658199986574
test_A_00000330,A,3,dram_compact,1,634.1548180744192,230.96937861353732,10.192487079598866,-2.441441059843359,635.739284157753,230.95395880565047,10.217633278840285,-1.7688290626591514,0.8865491151809692,0.9390450716018677,0.8865491151809692,0.01555679852445279,0.8865506649017334,2069.723346101296,31269.48086317669,3,3,0.6588773590001438
test_A_00000333,A,2,dram_legacy,1,747.4719145750082,797.4293078954238,8.732226705904788,3.181398641747208,747.3293905854225,797.4109227210283,8.753996043875416,3.206711536338969,0.7319605350494385,0.7319605350494385,0.9528833627700806,0.0660076313530821,0.9528819918632507,939.1369922114203,18225.30372868624,2,2,0.48749187199973676
test_A_00000348,A,1,dram_loose,1,277.26042981198293,928.7022265940964,9.93810227190348,2.6918049803891906,277.12358548492193,928.74988296628,9.806373788106228,2.729215582682705,0.8908753395080566,0.9130535125732422,0.8908753395080566,0.07201589013699518,0.8908748030662537,1423.123086791629,31767.19984821366,2,2,0.44209867599965946
test_A_00000351,A,4,finfet_10nm,1,61.44613807166411,578.7776719460342,10.397346208347535,2.459353943973768,61.70778849720955,578.8242403119802,10.37900134002181,2.245508388996158,0.8022865056991577,0.8022865056991577,0.8916493654251099,0.027073620700952903,0.9009435772895813,1906.5839014338865,16020.78018394972,3,3,0.6161470970000664
test_A_00000354,A,3,dram_compact,1,95.18398827397384,230.04969812343563,9.122580141970634,-1.367113292894384,95.13762399554253,230.04911640658975,9.142062997800362,-1.3871865133069754,0.8380100727081299,0.9228849411010742,0.8380100727081299,0.029027661973049918,0.8380110859870911,2075.5715341979508,19269.808446104773,2,2,0.45018493199995646
test_A_00000357,A,2,dram_wide,1,652.260915574777,354.932746949995,9.999253366740616,0.4113884559642411,651.5850440859795,354.92695735394955,10.028822476523114,0.27537666448377857,0.7043517231941223,0.7043517231941223,0.8495206832885742,0.05497442955570763,0.8563585877418518,1004.8549230208265,33877.1918472897,3,3,0.6277055410000685
test_A_00000336,A,1,dram_1x,1,99.28408686882068,573.8871301924974,8.021647797527745,-0.8819041848220097,99.06395392119884,573.9301903918386,8.0,-0.9568179415106696,0.8682994842529297,0.8863732218742371,0.8682994842529297,0.01590429593921003,0.8682999014854431,2503.77290021353,9650.79208746907,3,3,0.6062636219999149
test_A_00000339,A,4,dram_compact,1,134.79448541317106,313.18617718807565,9.957770406658364,-1.582368464048982,134.9596154242754,313.1430678218603,9.954234423720338,-1.5543334454985558,0.8697667717933655,0.9451428651809692,0.8697667717933655,0.016790867202258,0.8697659969329834,1805.1127669255911,27396.525509400006,3,3,0.6006164390000777
test_A_00000342,A,3,dram_1x,1,394.1511237563876,200.3384839405812,9.558838151956452,3.9150841749381335,394.4999575614929,200.19911815226078,9.556530307077503,3.885863820669976,0.8263534307479858,0.8263534307479858,0.8322045803070068,0.056090944942660474,0.8658061623573303,1682.8931400971846,19040.778388620205,2,2,0.48429263499974695
test_A_00000345,A,2,finfet_45nm,1,358.8449702415128,838.038653272749,11.821917805018863,-3.5432129687625435,358.61354836821556,837.9897257387638,11.808064866677858,-3.601742544314743,0.8694235682487488,0.9226093888282776,0.8694235682487488,0.1228239454604315,0.9039865136146545,1129.6044532214394,26613.409050719336,3,3,0.6831620060002024
test_A_00000360,A,1,finfet_10nm,1,848.7146324994962,113.00805881834616,8.085071487074867,0.8842456136840191,847.6717503964901,112.85316601395607,8.06617466442827,0.6997383138275431,0.9175405502319336,0.9317304491996765,0.9175405502319336,0.053568923382866625,0.9175410866737366,1938.188644383311,21112.634188926964,3,3,0.6077301960003751
test_A_00000363,A,4,finfet_22nm,1,882.1104143912664,630.7975070348565,11.429953618533784,0.7208837802194168,881.8172167539597,630.8982687965035,11.507076134128106,0.5070594361514269,0.8451610803604126,0.8706061244010925,0.8451610803604126,0.01040510847784186,0.845161497592926,2208.8339523233194,20477.616753018534,2,2,0.45259725400001116
test_A_00000366,A,3,finfet_28nm,1,666.652979891833,901.7748255409558,9.665841018941352,-2.8472672209927072,666.9252202287316,901.8067862093449,9.72746525400048,-2.8351305224861907,0.8810133337974548,0.9376547336578369,0.8810133337974548,0.009907202897153154,0.8810139894485474,2164.2065188817196,31246.401338000273,2,2,0.47198224100020525
test_A_00000369,A,2,dram_legacy,1,492.4705437747649,906.6188951067036,8.415808676295105,3.5280102282200616,492.33666065335274,906.6362078636885,8.456774057302765,3.4515383874849284,0.5582907795906067,0.5582907795906067,0.8855574727058411,0.026793171709692934,0.8848711252212524,804.2664902214063,16689.8469101702,3,3,0.6374071840000397
test_A_00000372,A,1,dram_legacy,1,797.8905755403416,467.1117055018357,10.802806739590793,-0.1658950130873213,797.7542470395565,467.1064433977008,10.829144223793119,-0.24488726499313013,0.5892115235328674,0.5892115235328674,0.9456095099449158,0.0887454909189163,0.9456098079681396,921.1236047855741,35669.23401066332,1,1,0.2853774230002273
test_A_00000375,A,4,finfet_45nm,1,833.1201966411976,160.62806724672646,9.604752214711109,-4.68723056194283,832.6683532297611,160.65355041623116,9.597472818011425,-4.7181561783225385,0.7982484102249146,0.840133011341095,0.7982484102249146,0.020556832704119087,0.798247754573822,1289.389668023751,15841.546942745108,3,3,0.6234099120001702
test_A_00000378,A,3,finfet_7nm,1,131.29094436063855,547.2315652820578,10.379299405906307,-4.234063744854316,131.39830769598484,547.1404461860657,10.318027130238194,-4.052585132174757,0.8745012879371643,0.9384130835533142,0.8745012879371643,0.07624238604788033,0.8749052882194519,1288.611523199232,30610.494294764114,2,2,0.4895675810003013
test_A_00000381,A,2,finfet_14nm,1,878.6235553780352,279.1051429792677,8.729722324565703,0.4974582380506467,879.0055741239339,279.1197909414768,8.774363772535184,0.651440635826814,0.9044570922851562,0.9044570922851562,0.9181805849075317,0.025233885602551475,0.918180525302887,1561.3200266063475,12795.37673012092,3,3,0.6744475269997565
test_A_00000384,A,1,finfet_7nm,1,609.4868370387558,215.36959951145627,10.170124925453504,2.8328546683685563,609.6313801109791,215.31448014080524,10.136353220160625,2.8285886896706205,0.7579408288002014,0.9603514075279236,0.7579408288002014,0.021476752950265774,0.757938802242279,1543.3469862277689,22369.500460350893,3,3,0.6438234290003493
test_A_00000387,A,4,dram_compact,1,89.03180594845065,524.3309909463488,10.187707975855226,2.873204630085768,88.61823559552431,524.3386964946985,10.250610162885819,2.885096069179775,0.7716447114944458,0.7716447114944458,0.8401070237159729,0.03301553128174231,0.8778781294822693,1081.6033989784103,21668.65878998815,2,2,0.41519633500001873
test_A_00000390,A,3,dram_dense,1,324.78997091153246,480.2375570125294,10.314901672247402,3.217558555035607,324.65701737999916,480.18021634221077,10.301657137866954,3.2315850200095335,0.4885570704936981,0.4885570704936981,0.8632112145423889,0.06591388500941393,0.8795316219329834,676.9652558813605,25545.849953454665,1,1,0.31023280599993086
test_A_00000393,A,2,finfet_45nm,1,649.4700915506091,528.7360303599843,8.86487984548468,2.438672651732567,649.5616564452648,528.7888111323118,8.855406537077814,2.4555814625136696,0.763121485710144,0.8821261525154114,0.763121485710144,0.024657956190229466,0.833988606929779,1132.3207936108279,21560.83420672915,3,3,0.7146820020002451
test_A_00000396,A,1,dram_wide,1,416.1115115914757,879.6130681659087,10.529824376142896,-1.8163662644766232,416.4633961059153,879.5680638551712,10.61401821627067,-1.8396854318417315,0.9093056321144104,0.9093056321144104,0.914686918258667,0.04054428772038522,0.9146860241889954,1795.1272695498976,31745.96813198194,3,3,0.682588171000134
test_A_00000399,A,4,dram_legacy,1,667.3565780089375,716.2771341466921,9.504760070231344,3.025273946979542,667.2284852564335,716.303412899375,9.514612102023355,3.013106741667368,0.8151556849479675,0.8151556849479675,0.9201411008834839,0.027096192041806244,0.9201411604881287,1489.5551247409592,19316.507103642405,3,3,0.617065428999922
test_A_00000402,A,3,dram_dense,1,197.57511799537235,597.0032200184185,8.543537653018525,1.114971494780952,197.34042504429817,596.9996819268854,8.577030635535776,0.9447348684969017,0.8412211537361145,0.8412211537361145,0.926639199256897,0.027783045151083558,0.9401417374610901,1504.7274539906714,20714.832278056398,3,3,0.5920478530001674
test_A_00000405,A,2,finfet_10nm,1,883.8047802189514,658.2966442263097,8.041420204216053,0.0944176278385082,883.573477961123,658.4168361052871,8.024511827991459,0.017638574986680727,0.872482180595398,0.872482180595398,0.9573838114738464,0.017440461770883674,0.957384467124939,2858.6502215395917,13028.311995549517,3,3,0.6037800020003488
test_A_00000408,A,1,dram_wide,1,583.9749176903714,277.46915450883336,9.118774993004456,1.867563313287106,583.4487809203565,277.48525050096214,9.09935474260769,2.0176012371757377,0.8483195900917053,0.8483195900917053,0.9212000370025635,0.18515432454629532,0.9212009310722351,670.6568058242791,12133.306549811248,2,2,0.479163336000056
test_A_00000411,A,4,finfet_28nm,1,72.46448775819067,535.3804916352731,11.212208725254538,-0.9623310496306816,72.07845632731915,535.3225041031837,11.16483962713459,-0.904232809335913,0.8082656264305115,0.9595033526420593,0.8082656264305115,0.031840366180585604,0.812676727771759,1936.0459142053649,43512.76527822933,2,2,0.42317126999978427
test_A_00000414,A,3,finfet_10nm,1,766.9767678295441,466.6216639791582,9.239408877376636,1.9950679495099413,767.43231600523,466.6334609091282,9.24024829733859,2.0247153181652786,0.38070183992385864,0.38070183992385864,0.8590039610862732,0.042587509552431874,0.8895321488380432,672.2413391613687,27855.325640595893,2,2,0.464544086999922
test_A_00000417,A,2,finfet_14nm,1,574.5574836906998,125.28992013402018,11.332333464547157,1.6673647030144796,573.4999886502437,125.23333624005318,11.236161891338567,1.6078560326869118,0.7702252864837646,0.9074006676673889,0.7702252864837646,0.008787568051158798,0.7702257633209229,2387.368118245941,27240.757084958834,3,3,0.6412569269996311
test_A_00000420,A,1,finfet_22nm,1,686.0740543774317,328.66792714108294,8.162405098906069,-0.6602279068989789,685.5263690948486,328.68830575048923,8.185462219399446,-0.6465551336859867,0.8328646421432495,0.947932243347168,0.8328646421432495,0.007312507612239544,0.8328651189804077,2403.800840370854,19207.125188192553,2,2,0.513360935000037
test_A_00000423,A,4,dram_wide,1,699.4108163327824,422.5759212016884,8.698187061702038,3.063191269020217,699.3655586987734,422.5633827075362,8.699184474463431,3.0521710495060708,0.8264203667640686,0.8264203667640686,0.8937528133392334,0.0316645500410998,0.880233645439148,1401.9067560327555,18615.71166430536,3,3,0.6024500669996087
test_A_00000426,A,3,finfet_10nm,1,54.89919638904922,493.4019302977617,9.338509082993918,2.1323822896925684,54.96540065854788,493.3683604001999,9.253883555234644,2.2769352435004064,0.8760128617286682,0.8760128617286682,0.9157136082649231,0.04140719295026208,0.9157130122184753,1482.8082080450865,16229.119511333769,2,2,0.4214778139998998
test_A_00000429,A,2,finfet_45nm,1,856.569176418894,656.5621698167043,10.288996208312136,-0.5694325880409865,856.4465424269438,656.50657938933,10.336126382128558,-0.3677449801583807,0.8499652147293091,0.8643618822097778,0.8499652147293091,0.08225070175082919,0.8499643206596375,1127.673129602407,14669.963478063206,3,3,0.6100188830000661
test_A_00000432,A,1,dram_legacy,1,113.1155285752319,359.98964931130547,9.424003031064936,-3.746877718327247,113.11072700470686,360.02161449566483,9.512669070360719,-3.742992324182159,0.8102425336837769,0.8102425336837769,0.87135910987854,0.038754456688265534,0.8713598847389221,1141.2546312136767,28161.38866912424,3,3,0.5565095209999527
test_A_00000435,A,4,dram_wide,1,468.947283144492,175.76610543504663,8.993413247327618,-0.0501394056207509,469.16201677918434,175.8493109345436,8.989699433520833,0.09911718982451478,0.9128217101097107,0.9128217101097107,0.9266051054000854,0.1595855185836633,0.9266055822372437,821.5403207075616,26169.104674204013,2,2,0.45023854100008975
test_A_00000438,A,3,dram_compact,1,430.9821404067943,87.48471796365976,8.317372123564194,4.112587280506649,431.149322450161,87.53834488242865,8.295652893291916,4.179669887666862,0.855501651763916,0.855501651763916,0.9311079382896423,0.1956049445214554,0.9363262057304382,438.01565035110815,11081.108300952856,3,3,0.605303902000287
test_A_00000441,A,2,finfet_10nm,1,302.82177837297144,772.7355981507098,8.508000315307893,-3.8297300606877696,302.7580748796463,772.7852244377136,8.465050298211784,-3.881173821845377,0.8153482675552368,0.8793880939483643,0.8153482675552368,0.012068213564490062,0.8153485059738159,1997.761677447237,18853.65036715817,3,3,0.5782118830002219
test_A_00000444,A,1,dram_legacy,1,396.9841459972762,517.6903561519763,9.301259057476376,-2.073535694027159,396.5611522421241,517.6839556992054,9.27478149488148,-2.0840608625080614,0.8692000508308411,0.8692000508308411,0.9524112343788147,0.012413579870390764,0.9524115920066833,1665.018083877938,22360.454882508617,3,3,0.551972312000089
test_A_00000447,A,4,dram_legacy,1,606.8402129537839,740.4535471645531,11.80329749216436,1.0119960836113815,606.9415769651532,740.5018576681614,11.830526360887687,1.1410800763440168,0.824112594127655,0.8858465552330017,0.824112594127655,0.13667117782425414,0.8395438194274902,1058.3548195238225,52493.448536006515,3,3,0.6035578119999627
test_A_00000450,A,3,dram_compact,1,152.29638558403542,868.6525336059619,9.729045716666173,3.749759878066991,151.88886260986328,868.7525874972343,9.840451546732691,3.7546009006800696,0.8476006984710693,0.9293431639671326,0.8476006984710693,0.01862345384183254,0.8476008176803589,2565.8715110526623,17319.17806101676,3,3,0.5993362459998934
test_A_00000453,A,2,finfet_14nm,1,172.19504769350198,839.8312851680649,10.77380133045275,1.6001139331519854,171.33595716953278,839.8164887428284,10.798426475924227,1.5979784624856297,0.8658338785171509,0.8844714164733887,0.8658338785171509,0.10229548982112503,0.8658340573310852,1262.6941773679425,25422.848936165232,2,2,0.42219782999973177
test_A_00000456,A,1,dram_loose,1,643.7392167500292,602.544674140165,8.238460093952968,-2.980299163053254,642.8244350850582,602.5221891980618,8.25797438823496,-3.00295899252797,0.887099027633667,0.887099027633667,0.9243752360343933,0.010833868701795842,0.9243741035461426,1844.1997139657958,16542.27132019998,2,2,0.4572053990000313
test_A_00000459,A,4,finfet_10nm,1,354.3208386883868,346.8015815541406,9.215178557604354,0.798910604233801,353.9403098449111,346.8295895457268,9.211593505185707,0.687313110010375,0.8569047451019287,0.9184672236442566,0.8569047451019287,0.1043019784191687,0.8569044470787048,887.2470468549132,23170.876154736015,3,3,0.6545398919997751
test_A_00000462,A,3,finfet_22nm,1,177.53436057769943,203.6692485487773,11.11630380822069,-0.7384905643877175,177.40811195224524,203.70161019265652,11.144138529018,-0.4810529941510341,0.7684769630432129,0.7684769630432129,0.8232597708702087,0.10403136291094699,0.8258363604545593,1167.5563243983815,35399.41447086952,2,2,0.43516341099984857
test_A_00000465,A,2,finfet_10nm,1,351.11657237789353,805.0537355828826,11.421959997280275,1.3603072928808215,350.290493234992,805.0175854861736,11.427014105896513,1.221609698150137,0.7648361325263977,0.7648361325263977,0.8700026869773865,0.026194340908433807,0.9049530625343323,1476.8189236685612,53157.98804639448,3,3,0.5611742430000959
test_A_00000468,A,1,dram_loose,1,665.5042681877766,550.5984673074331,10.365367883419925,2.1294403682878205,666.2921687811613,550.5661169290543,10.391258489194868,2.134891912349961,0.8984766602516174,0.9189717769622803,0.8984766602516174,0.11764328644290607,0.8984764814376831,1246.6654206868545,27045.35278709405,3,3,0.5841350560003775
test_A_00000471,A,4,finfet_10nm,1,600.4188920698504,263.2264142444391,8.635987225337677,0.8852418204072032,600.7973742932081,263.2581062614918,8.642558218319191,0.7504600739932141,0.7677891254425049,0.7847675681114197,0.7677891254425049,0.14898915519760234,0.7853879928588867,648.5469940626314,11530.426954930928,3,3,0.582841131999885
test_A_00000474,A,3,finfet_45nm,1,444.430358995063,625.1908421219877,11.57329782228848,-4.126331681955323,444.4992859683116,625.3387416005135,11.555925492357204,-4.41470265849494,0.8279104828834534,0.9526431560516357,0.8279104828834534,0.04939570598209314,0.8279085755348206,1841.7738779308477,36848.830335873674,1,1,0.28075565400013147
test_A_00000477,A,2,dram_wide,1,656.1188391182069,114.67827164771064,8.753650483035964,-1.8896127050817704,656.4753256719559,114.68044900894165,8.782480649707471,-1.9009805618335998,0.8926101922988892,0.8926101922988892,0.9001883268356323,0.02616934592361905,0.9001891613006592,1484.7694837163358,14009.800130211957,3,3,0.6243325880000157
test_A_00000480,A,1,dram_1x,1,122.21960912071069,77.5599078429023,8.521764602319625,-3.993732746596253,122.14229738712311,77.5731979161501,8.520667147477141,-4.037468391011132,0.907340407371521,0.907340407371521,0.9445527791976929,0.01912947862349292,0.9445523023605347,1569.9138631157323,17952.91284532354,2,2,0.41565838499991514
test_A_00000483,A,4,finfet_10nm,1,429.715904153102,702.052367690418,8.150995255565643,4.345602359242809,430.0295223221183,702.0855573266745,8.154996885204165,4.4345698123303325,0.9025444388389587,0.961117684841156,0.9025444388389587,0.015227372016248929,0.9025447964668274,2098.3439950992106,19602.13506907396,3,3,0.606490876999942
test_A_00000486,A,3,finfet_14nm,1,710.332423003016,143.2129670334648,9.887139093427788,2.642654178392272,710.7952950149775,143.15401431918144,9.960099430341709,2.933235581675219,0.8796082735061646,0.8796082735061646,0.9477611184120178,0.03992886219354143,0.9477613568305969,1778.5853919382844,27127.983548532025,2,2,0.44986861899997166
test_A_00000489,A,2,dram_1x,1,533.2972191329028,785.5049090404108,10.738368441268603,0.6296011829192549,532.7927937060595,785.5347908139229,10.698198289743372,0.5973688765007151,0.8177730441093445,0.8177730441093445,0.8841878771781921,0.032679084042185266,0.8957333564758301,1617.1935081248325,25891.823367035202,2,2,0.4786207820002346
test_A_00000492,A,1,finfet_10nm,1,152.47268850886513,913.2163079609264,8.814891634858775,2.4618724383401585,152.26923342049122,913.1505625247955,8.97409770758681,2.39593112517843,0.8532775044441223,0.9010536670684814,0.8532775044441223,0.03432563726204875,0.8532779812812805,2516.9901017955344,12821.44961656206,3,3,0.5459556099999645
test_A_00000495,A,4,finfet_10nm,1,314.78123930624656,644.5613596278614,8.211655617835804,4.549630616009271,315.68228571116924,644.5471184030175,8.20269577993454,4.51442230341701,0.8344298601150513,0.8862957954406738,0.8344298601150513,0.10151779882627454,0.8344318270683289,951.4840830527405,16462.019103698833,3,3,0.6413984030000393
test_A_00000498,A,3,finfet_7nm,1,125.31188003506468,111.91643645851946,11.71654845971591,3.3928809587664794,123.70838268101215,111.84646317362785,11.653936060806554,3.40628591565217,0.6437515020370483,0.8074174523353577,0.6437515020370483,0.16254912718436446,0.7026453018188477,836.1532366644155,34833.227583513486,3,3,0.6001750160003212
test_B_00000000,B,1,finfet_28nm,1,882.5915274119764,779.962092758821,11.400707230344931,-0.3128462573571777,883.0067867776379,780.065871834755,11.11334426230096,-0.33121404416084843,0.8121998310089111,0.8643789291381836,0.8121998310089111,0.052155288124181486,0.8121996521949768,1552.172179555832,33531.40580124112,2,2,0.4054830619998029
test_B_00000015,B,4,dram_legacy,1,445.4891611663634,212.82400962056096,8.830202110623947,4.875314999995252,147.52705760113895,731.5646969303489,11.361653241888469,5.0,0.17561790347099304,0.19944359362125397,0.17561790347099304,0.5614021154276763,0.2344215214252472,76.49330894056658,3697.9934173618312,3,3,0.6573560150000048
test_B_00000018,B,3,dram_legacy,1,457.2917580176393,409.2672918786086,11.345990278538595,-4.312876426741523,457.2922057211399,409.2983336150646,11.366346167301947,-4.178999887834777,0.5082767605781555,0.5082767605781555,0.6788418292999268,0.2427308589453682,0.7160325646400452,506.84295117092284,27560.48282307351,2,2,0.4508759740001551
test_B_00000021,B,2,finfet_14nm,1,546.307974679667,737.7749888847536,9.62900937467758,1.836481727981102,545.6923075020313,737.8315331637859,9.582722645565728,1.785383555145061,0.7422652840614319,0.8705542087554932,0.7422652840614319,0.022611330846047058,0.742264986038208,1726.598429511293,23974.84453239128,3,3,0.6019644429998152
test_B_00000024,B,1,dram_wide,1,141.01053439036014,248.66748546808412,11.360297608359923,-0.7775960277634191,140.93651613593102,248.66514387726784,11.397268921277222,-0.8864360688439464,0.8506723046302795,0.9702084064483643,0.8506723046302795,0.07547964060099048,0.8506691455841064,1427.204670663659,38029.74190884212,3,3,0.6214483930002643
test_B_00000003,B,4,finfet_28nm,1,183.42644413499528,710.0054140455983,8.160576025450855,-3.211949705186284,226.33772745728493,712.8947760090232,8.094351391380524,-3.122041087845994,0.21333828568458557,0.21333828568458557,0.35890597105026245,0.6232062270507073,0.4248870611190796,93.91922790241267,3879.9916923855526,3,3,0.6953237090001494
test_B_00000006,B,3,finfet_22nm,1,869.7562536745331,603.0251355259953,9.647219162179084,3.329438599259225,868.5589369833469,602.9042088985443,9.462455254683384,2.2534621733411844,0.32438111305236816,0.5959057211875916,0.32438111305236816,0.8754462928697465,0.34531742334365845,164.02392741033609,10310.43461475439,3,3,0.6214578880003501
test_B_00000009,B,2,dram_1x,1,892.8397962107512,859.9837999373515,9.87215198032337,0.8562731538895187,891.8626625835896,859.9621372036636,10.315804356342872,1.8568121725016125,0.648857057094574,0.648857057094574,0.6712087392807007,0.03001921214971686,0.6712090373039246,1001.9063861458012,25235.04362603097,3,3,0.5811816260002161
test_B_00000012,B,1,finfet_7nm,1,480.32848831335815,531.7406705613462,10.778297462356596,0.0378675029642145,479.9495976269245,531.7378275245428,10.752690938230732,-0.042256141493845226,0.6701632738113403,0.8522631525993347,0.6701632738113403,0.07855028739520917,0.7376508116722107,1080.287493701043,28705.863763947527,3,3,0.6206189589997848
test_B_00000027,B,4,dram_legacy,1,198.3032408256968,753.7004467857937,8.534579346017399,-2.516344312438851,200.66106732189655,750.4824210423976,8.889665000083957,-0.08695944118886065,0.38184836506843567,0.38184836506843567,0.39842137694358826,0.12282126412806664,0.4028509557247162,357.4596193483213,8094.253500129824,3,3,0.6491048630000478
test_B_00000030,B,3,dram_wide,1,375.4601060968794,427.0642093721365,9.526766757381395,1.0405473595500343,660.9881654083729,330.2451730668545,8.432585048006047,0.8769352435004065,0.09508375823497772,0.09508375823497772,0.4758307933807373,0.8638301146707793,0.5186628103256226,57.63723998267947,2175.4467830812964,3,3,0.6257735959998172
test_B_00000033,B,2,dram_loose,1,469.4916921187045,726.5367675357539,11.378031070530753,3.912145239675972,468.8788121640682,726.5522441528738,11.386744815974033,3.33890037332436,0.2721399962902069,0.49037477374076843,0.2721399962902069,0.38241613244288847,0.3118172585964203,266.75009607094734,21362.492335858908,3,3,0.6384733760000927
test_B_00000036,B,1,dram_loose,1,187.56773350546547,515.7351174724,9.448789963498628,-1.1301675322499016,188.68655678629875,515.7416336238384,9.459111893678118,-1.1349292501609045,0.7614789009094238,0.9076898097991943,0.7614789009094238,0.061610475891663186,0.7614789009094238,1187.180806275865,25823.203625512175,3,3,0.62539389199992
test_B_00000051,B,4,dram_dense,1,519.1119366291781,186.3816019643953,8.630132862106496,-0.4038602302258729,517.7813503146172,298.08857330679893,8.573618660162875,-0.016614906333080832,0.404337614774704,0.404337614774704,0.4713740348815918,0.8206022870104256,0.4815049469470978,79.8840707157859,4216.487511176518,2,2,0.4358964579996609
test_B_00000054,B,3,finfet_10nm,1,725.8157326569828,709.5249394340185,11.196794188958146,-4.992389283626466,725.272613465786,709.422574609518,11.368203083222802,-5.0,0.2505910098552704,0.26215529441833496,0.2505910098552704,1.0,0.3145853877067566,37.59283119874723,1209.0306333747308,3,3,0.6707147140000416
test_B_00000057,B,2,dram_compact,1,898.3274069572997,86.87978115956531,11.21761316088036,1.6052348061552992,898.2637718319893,86.7161009311676,10.874849895032602,2.9696572279965228,0.7223538160324097,0.7530819177627563,0.7223538160324097,0.04928216369501634,0.7893859148025513,1252.3913239112856,21815.966003595462,2,2,0.44313074799993046
test_B_00000060,B,1,dram_1x,1,82.77359414766403,529.2853002379677,8.996639870902003,3.45384377916179,83.24794337153435,529.2179118692875,8.865518961419417,3.542517827666302,0.8096757531166077,0.8792557716369629,0.8096757531166077,0.12020180674948602,0.795939564704895,786.0736487855414,13940.102051595237,3,3,0.6179625799995847
test_B_00000039,B,4,finfet_28nm,1,830.8372386061251,155.25600235731258,8.234451055241859,-3.66844173234928,829.1060732603073,155.28085947036743,8.133920338359497,-3.900310562001514,0.3152269124984741,0.795856237411499,0.3152269124984741,0.40592673056200557,0.3332621455192566,210.30622155773716,8329.384257770906,3,3,0.6320161879998523
test_B_00000042,B,3,finfet_45nm,1,375.5280402276544,654.1086788768015,10.100777827979153,4.079494752280397,866.2731258124113,416.9040656387806,10.000810890459784,4.044484720342559,0.44222939014434814,0.5844331979751587,0.44222939014434814,0.8621864687192318,0.4986778497695923,99.70276949891122,5609.915738886559,3,3,0.6255627669997921
test_B_00000045,B,2,finfet_22nm,1,399.6198689251869,74.70024040469326,8.821640809339563,4.154576898999848,400.856413051486,74.92479473352432,9.01045227589622,4.029661234153278,0.6640320420265198,0.93632972240448,0.6640320420265198,0.02312862562723574,0.6640324592590332,1105.9200573923063,22928.65609465586,3,3,0.6457350589998896
test_B_00000048,B,1,dram_legacy,1,354.85998478760337,697.6081673833547,8.905019045564787,2.384764980845829,355.76003789901733,697.5710778608918,8.917839386729353,2.3356481258220465,0.7010123133659363,0.7010123133659363,0.8773090839385986,0.27952686562024515,0.8773084878921509,424.395289305411,28404.92913424754,3,3,0.6467771229999926
test_B_00000063,B,4,finfet_28nm,1,349.43019530783664,535.2762102527323,10.300713300016422,-2.585837870463621,347.27866065502167,535.8142745941877,10.309393412492625,-1.6120111211484827,0.3796813189983368,0.7979050278663635,0.3796813189983368,0.0739556180142493,0.37968072295188904,436.8253606628918,16041.48584585836,3,3,0.6533004769999025
test_B_00000066,B,3,finfet_28nm,1,110.64125301306365,646.8624727247538,9.485653559461916,2.541015580861287,112.23914057016373,646.9675551615655,9.640198996871252,2.519617005681051,0.3569107949733734,0.8258347511291504,0.3569107949733734,0.18071661212159357,0.356912761926651,400.90811564409876,20708.91456773259,3,3,0.6295861350004088
test_B_00000069,B,2,finfet_28nm,1,888.4451671087086,271.7980267476923,10.82444899424098,-0.8346974701632748,888.8514308333397,271.8384262621403,10.970963643500381,-0.8624769641507536,0.6950944662094116,0.9104586243629456,0.6950944662094116,0.06849202839208558,0.6950944662094116,1418.8902482056558,30065.911974980772,2,2,0.4260921850000159
test_B_00000072,B,1,finfet_45nm,1,736.4790391985242,393.5623193785051,8.935589395807973,-3.9773319550441255,736.6074425205588,393.5459084622562,8.962625114264153,-4.073475954663751,0.5278447866439819,0.5278447866439819,0.790239691734314,0.4983664315430195,0.798297643661499,326.4343883929989,17850.622349174606,2,2,0.48112096400018345
test_B_00000087,B,4,dram_compact,1,695.5708416223683,682.9936464684256,9.450341519926267,0.9942182081036072,698.7964926064014,683.002862670226,9.524523192085779,1.0754255403128359,0.4524073600769043,0.574045717716217,0.4524073600769043,0.5210948854254265,0.49558278918266296,149.2114786579599,11436.207521221086,3,3,0.5992339230001562
test_B_00000090,B,3,finfet_45nm,1,233.07973343118613,660.114141730807,9.082772705336604,4.099825059657928,233.48234120570123,660.2000543177128,9.102619020860313,3.686740861836403,0.6603689193725586,0.937208354473114,0.6603689193725586,0.009319883128048295,0.6603683233261108,1507.9679815520801,22845.408461067862,1,1,0.31130152700006875
test_B_00000093,B,2,finfet_45nm,1,128.07015256542212,53.41843308175311,10.810970405736144,4.054156402213428,123.32756745815277,49.75027212500572,11.531962347143088,4.309178725323912,0.06437963992357254,0.06437963992357254,0.19266009330749512,0.5040717453956416,0.533552348613739,88.7238507169919,4090.3217369432623,3,3,0.6381700269998873
test_B_00000096,B,1,dram_loose,1,703.9899713434842,707.4731599439942,9.330635762654875,-3.352711863461104,703.6125776320696,707.5460782162845,9.327974644535827,-3.6161030720062812,0.8130802512168884,0.9357321858406067,0.8130802512168884,0.008576719087691106,0.8130847215652466,1882.5120026457084,27059.22817263963,2,2,0.5376822929997616
test_B_00000099,B,4,finfet_22nm,1,206.3980473162904,311.03822612156284,10.332844173762997,1.2145323762081608,207.00916148070246,310.82617992162704,10.234003112808878,0.9726046825063792,0.5434837341308594,0.749243438243866,0.5434837341308594,0.12298215528305434,0.5434839129447937,637.508040947149,26479.365270850958,1,1,0.28791778100003285
test_B_00000102,B,3,finfet_45nm,1,893.1306394220287,478.9285191095956,9.669374248015613,-3.938053713365,890.744356945157,478.67027831077576,9.79373482063085,-4.158876816835982,0.5991122126579285,0.8082916736602783,0.5991122126579285,0.10915972550167083,0.5991133451461792,801.3236222605765,19333.598192722096,3,3,0.6320360180002353
test_B_00000105,B,2,finfet_10nm,1,212.23055740848503,119.17765210020492,10.569815171384702,0.5672333173839119,212.410673327744,119.28309924900532,10.280239030979766,0.46293992264849637,0.7386993169784546,0.7922853827476501,0.7386993169784546,0.10230290100097478,0.7386986613273621,1130.6542968383274,25772.656372444962,1,1,0.28543467500003317
test_B_00000108,B,1,finfet_7nm,1,845.8252999845204,157.0327813191248,9.802923484624763,-4.435532133373512,845.7285399138927,157.0585182234645,9.906050906903948,-4.2921310674166735,0.7003401517868042,0.8944811820983887,0.7003401517868042,0.05678315210785649,0.7003411054611206,1263.620512735491,19184.306810870916,3,3,0.7170418669998071
test_B_00000075,B,4,finfet_14nm,1,425.36063888719326,642.2146450048566,11.907482560839007,-0.5109987656632118,424.5496582686901,642.3011838793755,11.91554674062634,-1.2777518708196638,0.4301367402076721,0.46776267886161804,0.4301367402076721,1.0,0.4939854145050049,76.51144773733918,4547.347113028198,3,3,0.6384963850000531
test_B_00000078,B,3,finfet_14nm,1,926.9154775654042,824.7881706219724,10.872627187620305,-4.855413816425651,927.606944128871,824.7918064892292,11.135288363596693,-4.433376440153332,0.4722079634666443,0.48560836911201477,0.4722079634666443,0.5029999423725321,0.496631383895874,129.97717501265242,10181.178114364402,3,3,0.6538778700000876
test_B_00000081,B,2,dram_1x,1,455.5721454850817,708.6492599656334,8.232294143702035,-4.773139938669587,455.42866648733616,708.6232431232929,8.21967118379653,-4.733540374667676,0.7686775326728821,0.8469443917274475,0.7686775326728821,0.022790436278345646,0.7686771154403687,1154.6258952600294,10089.803270836417,3,3,0.7079152760002216
test_B_00000084,B,1,finfet_28nm,1,828.239755532928,284.1807695926938,9.90954030850836,-3.263151732807313,828.0802463442087,284.15331153571606,9.865856761671278,-3.358767527159755,0.8062358498573303,0.8062358498573303,0.8509823679924011,0.0549407046283514,0.8625495433807373,1013.4915494335894,24608.40287992688,3,3,0.6804112569998324
test_B_00000111,B,4,dram_dense,1,242.93086998537007,786.2692817845493,8.62423571609688,-0.5687014438199443,247.92184033989906,785.543956886977,8.569856869862594,0.10217393401059921,0.22159186005592346,0.7625454068183899,0.22159186005592346,0.4040848753993176,0.25409945845603943,266.2572225539012,9553.781483791026,3,3,0.7049808029996711
test_B_00000114,B,3,finfet_10nm,1,843.9293226090056,584.5980923723304,10.346898748322234,4.573560111275688,195.29434177279472,898.6994353830814,8.737245877390581,4.488415861416617,0.09514987468719482,0.09514987468719482,0.5656928420066833,0.9306719234503712,0.6091632843017578,55.15416355923647,2233.361258671018,3,3,0.6630085409997264
test_B_00000117,B,2,dram_loose,1,937.0073267164686,925.8809893018516,10.22251130258028,2.530336089566985,937.4850329682231,925.866413205862,10.257960853278496,2.602070413343428,0.39952313899993896,0.8287798762321472,0.39952313899993896,0.23605668375379432,0.45473816990852356,1012.9215392259906,23588.175887900696,3,3,0.6737744160000148
test_B_00000120,B,1,finfet_45nm,1,99.56252931818436,872.7228387174722,8.162464980187515,-3.822029150730174,98.73909848928452,872.374189466238,8.385975097349787,-3.7950540840120013,0.8124883770942688,0.8124883770942688,0.866588830947876,0.024718030692319502,0.8665890097618103,1168.6682703806084,13865.625024813058,2,2,0.46125142400023833
test_B_00000123,B,4,finfet_45nm,1,180.3033067004955,416.207764352794,9.877687655610265,4.228775532438224,179.8182064294815,416.2767722904682,9.956049837270847,3.5784880535079777,0.40976372361183167,0.7729237079620361,0.40976372361183167,0.0890737256533792,0.40976256132125854,544.435871398387,15284.310913233076,3,3,0.6837604049997026
test_B_00000126,B,3,dram_compact,1,349.5326010037545,813.4520843951468,11.651511304616514,-4.2376783809413245,357.4851046251133,476.8220867216587,10.385351377292682,-4.202058875325313,0.12601643800735474,0.12601643800735474,0.4042631983757019,0.9845602720644403,0.448417067527771,42.274935437439574,1526.8220730221922,3,3,0.6284772590001921
test_B_00000129,B,2,dram_wide,1,309.1646522365978,403.1385157810737,10.766033477436892,-3.3563656477526846,309.6227111816406,403.15244951844215,10.757564632323067,-3.4814297390087763,0.5907524824142456,0.7649348974227905,0.5907524824142456,0.25975413679752285,0.5970650911331177,378.0703607418254,27056.429821860103,3,3,0.6939892970003712
test_B_00000132,B,1,dram_loose,1,246.0047462638501,810.4028211090222,8.93529709196584,4.366502197603825,245.90178868174553,810.3781808838248,8.906373075017497,4.1957916285786165,0.8700298070907593,0.9327999353408813,0.8700298070907593,0.12976388303328876,0.8700292110443115,1150.126474747569,24704.50658580469,2,2,0.4772753309998734
test_B_00000135,B,4,finfet_10nm,1,708.422551735437,260.7984348394334,9.369832749960496,1.1248239300314902,708.3341940641403,260.5751477405429,9.313309896957996,0.5162181306915664,0.5059874057769775,0.5059874057769775,0.6061983704566956,0.5278385357153795,0.6389241814613342,173.25119380765773,12483.390510381938,2,2,0.4667505379998147
test_B_00000138,B,3,finfet_28nm,1,454.82370117153846,482.7052077954268,10.228742203363298,0.1441316193061892,454.69128492474556,482.7960795164108,10.201546904810685,-0.061344005820925446,0.3952539563179016,0.6356601715087891,0.3952539563179016,0.44038782297483414,0.4466358721256256,199.60298054364463,10963.440534502352,3,3,0.6332892199998241
test_B_00000141,B,2,dram_loose,1,476.1686791417453,251.27463091682264,10.5359143779539,-4.069769969100782,476.6485659778118,251.40147379040718,10.531646231114145,-3.8496376776649,0.6639363169670105,0.8756418824195862,0.6639363169670105,0.04004309609264498,0.6846136450767517,1210.8574217889486,28244.926938373545,3,3,0.6549024910000298
test_B_00000144,B,1,dram_wide,1,905.3977802135068,199.3398519963755,10.085776749239685,1.8140292482195548,905.84524294734,199.30187860131264,10.178965250116157,1.721882922340708,0.7083500027656555,0.9373811483383179,0.7083500027656555,0.016361816753553172,0.7083438038825989,1792.135346192618,26651.34339441672,3,3,0.569224406000103
test_B_00000159,B,4,finfet_10nm,1,208.91730993189697,642.6386210137491,9.39583759501587,2.0008370601656447,207.874609708786,643.0080457627773,9.320521116760416,2.4033011233313704,0.228635773062706,0.8589851260185242,0.228635773062706,0.1417405475215106,0.2466350942850113,515.7953383760987,13603.560141439326,3,3,0.7006505710000965
test_B_00000162,B,3,finfet_7nm,1,47.9184264362579,399.7303742446932,11.62856001672814,-4.360106907129647,49.658053666353226,399.64817067980766,11.31864230081996,-4.1795721360087486,0.19468578696250916,0.4023665487766266,0.19468578696250916,0.6214268959137723,0.296759694814682,89.02046153959556,6104.602389160502,3,3,0.6388588160002655
test_B_00000165,B,2,dram_compact,1,503.8195393385028,505.2234145662239,10.32146394858652,3.496023790935091,502.79683142900467,505.77209225296974,10.310755596832108,3.3456119096633303,0.6385514736175537,0.6556501388549805,0.6385514736175537,0.038265237476709055,0.6640483736991882,875.3419524765642,22249.62985245157,2,2,0.4364326939999046
test_B_00000168,B,1,dram_legacy,1,319.9144442746982,365.13373957405247,8.838428577481631,4.070707563336214,320.0209939479828,365.01521941740066,8.75938469702515,3.6881786131586893,0.8682756423950195,0.8682756423950195,0.9514762163162231,0.016760364800887582,0.9514753222465515,1424.7787657634854,12015.914838367036,2,2,0.4666255009997258
test_B_00000171,B,4,finfet_28nm,1,786.8207039497058,626.4706759399724,10.329943316707588,-0.9598292466863176,787.8528782129288,626.2781627327204,10.25224634031847,-1.206553370833684,0.5576967597007751,0.5576967597007751,0.6400972008705139,0.5711347146543311,0.6817941069602966,225.43856249717632,15264.02190874139,2,2,0.5271278240002175
test_B_00000174,B,3,finfet_7nm,1,738.6435124658345,881.0381756413304,9.865584252844355,4.505665253992229,737.4333112686872,880.9552085697651,9.556479532208312,4.17249539283015,0.7182046175003052,0.8307538628578186,0.7182046175003052,0.09792731237502902,0.7661445736885071,817.5542901847077,21783.369905048698,2,2,0.45029757800011794
test_B_00000177,B,2,finfet_10nm,1,729.7552031466319,224.65039337586404,10.844271895495073,-4.893707914647804,507.87221682071686,215.86152032017708,8.805880843041438,-4.863993798225683,0.12508173286914825,0.12508173286914825,0.5093511343002319,0.714475465068114,0.580163836479187,84.18547639427831,4760.879012864687,3,3,0.6813884899997902
test_B_00000180,B,1,dram_legacy,1,689.0330983373095,444.3452705784207,9.613958986149486,4.98618422439916,689.2295598983765,444.36277405917645,9.669416414294917,4.796188480115006,0.8690869212150574,0.9109718799591064,0.8690869212150574,0.03482797575069493,0.8842717409133911,1528.5375658105331,28290.14187607041,3,3,0.6337939499999266
test_B_00000147,B,4,finfet_45nm,1,214.10457912956883,640.7687167651137,9.71444746072981,4.477060748440211,207.90126985311508,645.0513935349882,11.431463511376041,4.086862086921479,0.08251290023326874,0.25477105379104614,0.08251290023326874,0.5870647202650041,0.14745013415813446,59.82142467087747,2251.1124849877497,3,3,0.6797652310001467
test_B_00000150,B,3,finfet_14nm,1,713.0478973806654,692.5775699115319,8.045949828477102,4.766674651606337,710.3623278588057,692.49228658434,8.093683268373754,4.536713539417347,0.744156539440155,0.744156539440155,0.7693419456481934,0.383716737252075,0.7697606682777405,292.4604305623747,9401.4958078206,3,3,0.6931793670000843
test_B_00000153,B,2,dram_1x,1,531.1080046545969,499.3171453035955,9.981506108050787,-0.0323799505305553,531.2464285194874,499.3475395143032,9.874784217188617,-0.15195823916267084,0.5575428605079651,0.6300081610679626,0.5575428605079651,0.18342632956608476,0.602449893951416,486.7223584994204,27003.81826799783,3,3,0.6480435299999954
test_B_00000156,B,1,dram_wide,1,940.9673476081396,815.5130132044665,10.252403601188096,-1.9865435147427069,941.658846706152,815.47725507617,10.502620456972554,-1.8523780908404137,0.5433403849601746,0.5802499651908875,0.5433403849601746,0.25874575589736765,0.7044455409049988,362.96861529784445,18101.135531464133,3,3,0.6102059759996337
test_B_00000183,B,4,dram_compact,1,436.1213763201236,188.3371754809764,8.12827823351123,2.425837303400286,439.2641201168299,188.873625010252,8.038055248123065,1.1162554685025097,0.09774024784564972,0.2045869678258896,0.09774024784564972,0.8655362767696274,0.20627442002296448,44.67972922787304,1379.710294043711,3,3,0.6048369889999776
test_B_00000186,B,3,finfet_7nm,1,178.54685698985548,881.8704386745105,9.559476131294762,1.3188657513496471,179.96534830331802,881.5641587525606,9.641391928335173,1.0585173790054117,0.354716032743454,0.7796880602836609,0.354716032743454,0.3289546399184466,0.3861885070800781,333.514119750604,15604.49340335565,3,3,0.6539433279999685
test_B_00000189,B,2,dram_loose,1,71.80761758672077,513.466706803306,8.93449558280879,3.6028736245517674,70.9654752202332,513.4699274897575,9.035208205070921,3.4640355431673817,0.3224334120750427,0.3224334120750427,0.4242655038833618,0.6365335005689029,0.5239296555519104,132.5880523458082,9424.293372433265,3,3,0.6807058019999204
test_B_00000192,B,1,dram_wide,1,797.2940151110481,194.86640484462637,9.690957040558782,3.247498940234797,797.2879681587219,194.87551292032003,9.616031294618436,3.3868932583326314,0.8738695383071899,0.8804928660392761,0.8738695383071899,0.06814672697446471,0.8817369341850281,954.0251433312011,19944.759526039146,2,2,0.46376378400009344
test_B_00000195,B,4,dram_dense,1,488.10063489292816,486.0618684572093,10.908112642730126,4.325935951677318,464.99879798293114,186.33435505628586,11.646847801824656,-0.03007531682196293,0.2437020242214203,0.25513237714767456,0.2437020242214203,0.8340110914582736,0.29917988181114197,96.1893109880073,5654.669245739676,3,3,0.5764917629999218
test_B_00000198,B,3,dram_compact,1,69.74979485200174,637.8933205126442,10.190910606269686,2.5104543358066698,70.20370514690876,638.1560977846384,10.253133759561178,2.1385955803319034,0.46697527170181274,0.9084826111793518,0.46697527170181274,0.15610868434317737,0.4802226722240448,559.6912706040532,28477.109399205896,3,3,0.5941322559997388
test_B_00000201,B,2,dram_wide,1,314.22678033618865,386.1749456331828,9.90818605874163,1.7520969648871088,313.4711185991764,386.15293227136135,9.942826056054631,1.7267799624996496,0.4814908504486084,0.4814908504486084,0.5392269492149353,0.35715577570698764,0.5594156384468079,336.8835453697054,20809.36581217088,3,3,0.6438347309999699
test_B_00000204,B,1,finfet_14nm,1,792.1853536406218,738.1314732980741,8.347072835201903,3.0968516753500364,792.5752244591713,738.2854231595993,8.414543507525257,3.150836818850957,0.8144180774688721,0.8158174753189087,0.8144180774688721,0.05958369626509427,0.8144166469573975,1049.8932312489835,19767.167340726828,3,3,0.6451722480001081
test_B_00000207,B,4,dram_compact,1,712.7784661622518,678.1624495685345,8.682710233284908,0.0319755652491062,712.9572424441576,678.2520400285721,8.69596187071331,0.11113984899111112,0.3735879957675934,0.8993986248970032,0.3735879957675934,0.5444454900640548,0.37358716130256653,230.49863095776107,11958.901083695007,3,3,0.6290819890000421
test_B_00000210,B,3,dram_loose,1,411.3843959225804,482.5866131397836,10.8453770429872,-4.330305085358662,329.0,269.0,10.853623638054513,1.9137336346794533,0.08967309445142746,0.23978208005428314,0.08967309445142746,0.8778470848869742,0.10240830481052399,20.78812588869795,381.9193346319848,3,3,0.6735287999999855
test_B_00000213,B,2,finfet_10nm,1,806.1808370844212,249.99083099701767,9.522790221535695,-1.4952596027565357,804.3327462375164,250.07805778086185,9.569313911241725,-1.3655883531749529,0.4743002951145172,0.8494098782539368,0.4743002951145172,0.17367880304823619,0.4992283582687378,720.9866836168006,26320.208709290317,3,3,0.6344559030003438
test_B_00000216,B,1,dram_dense,1,740.7338906418881,621.4800337641236,11.507348176824548,0.0100873018713487,740.1636071056128,621.5207559168339,11.496395662116264,0.044740637505958504,0.785798966884613,0.8829351663589478,0.785798966884613,0.12359839478238116,0.810753583908081,990.3562322811317,38034.840352073625,3,3,0.6249370750001617
test_B_00000219,B,4,finfet_22nm,1,134.8515092085069,567.2162059321548,11.93225478125062,-4.980111304536585,134.97027738392353,567.2155225723982,11.914006029462994,-4.325025880166793,0.2804352939128876,0.7207735180854797,0.2804352939128876,0.5001947889832875,0.36033084988594055,94.19544057987659,5951.009531845448,3,3,0.6457096690000981
test_B_00000222,B,3,dram_loose,1,909.6279069500888,155.48182479350294,11.48307929719095,-4.4660807581176245,851.8265165090561,347.8850405216217,8.747666694663181,-4.561116290711098,0.4237023591995239,0.4482343792915344,0.4237023591995239,0.1820184006249896,0.46399635076522827,142.9050154303285,7716.086214632563,2,2,0.46666912200043953
test_B_00000225,B,2,dram_1x,1,442.9729053873903,126.07292378653972,11.585400317904757,3.7081763820630016,442.5932151079178,125.69655518233776,11.496490943973365,2.350253032658871,0.20597928762435913,0.4023810029029846,0.20597928762435913,0.753096543789485,0.2551632821559906,69.59408690767819,3924.6635290639615,3,3,0.6554550850000851
test_B_00000228,B,1,finfet_45nm,1,222.32644682829147,645.2157103213739,11.918218447310252,-2.499842568047164,222.63323538005352,645.2606443166733,11.800171674452189,-2.5412267038311884,0.7387792468070984,0.7387792468070984,0.8751880526542664,0.02641213747792497,0.8751881122589111,1196.1079774308541,45220.6832783759,3,3,0.6220827469996948
test_B_00000231,B,4,finfet_45nm,1,748.8645633282937,255.5553830484592,9.27382575355376,-0.697278473535972,749.3599562197924,255.66373924911022,9.174438833056273,-1.6159937823300528,0.44302982091903687,0.7809299230575562,0.44302982091903687,0.09740690804261695,0.44302961230278015,499.126358340956,11286.868294953518,3,3,0.6761911409998902
test_B_00000234,B,3,finfet_22nm,1,766.9197206599144,485.0535445733301,11.847907137690973,1.7883000029281302,765.7780161947012,485.0169076938182,11.918844438496606,1.9396307870036176,0.5407543778419495,0.8715428709983826,0.5407543778419495,0.2579875869772959,0.5407541990280151,452.2376182897493,24206.69217383608,2,2,0.4721260449996407
test_B_00000237,B,2,dram_dense,1,860.3058670439989,736.3154206249902,11.487220669453778,0.2675459311299342,859.2752189934254,736.332816824317,11.694267430979746,0.14612374399012965,0.612313985824585,0.7671693563461304,0.612313985824585,0.18562126572317883,0.6123117804527283,701.5320781419505,34028.0863442658,3,3,0.6600563599999987
test_B_00000240,B,1,dram_loose,1,743.8779965146925,418.5234248743955,8.359831643474573,4.371680072409172,743.3858706429601,418.55148707330227,8.386052118864907,4.301199141186056,0.8384073376655579,0.9335755705833435,0.8384073376655579,0.026961135346881486,0.8384075164794922,1467.2892498453082,17223.447596460184,3,3,0.5921982370000478
test_B_00000243,B,4,dram_dense,1,390.62182809640615,592.8008156647904,9.584853746858292,3.4648480753689554,391.0223875939846,592.9567847549915,9.523631456021045,3.433802060840133,0.44682803750038147,0.8596713542938232,0.44682803750038147,0.429548283381724,0.4653695821762085,245.24438618865682,11888.542337496754,3,3,0.655767222999657
test_B_00000246,B,3,dram_dense,1,475.08508212510975,723.3353270321522,11.328628379055443,-1.9480640576070032,475.05559480190277,723.29156640172,11.421598833481687,-1.8083074531665402,0.44651734828948975,0.44651734828948975,0.6652956008911133,0.7427951930488066,0.6840319037437439,178.1183260174104,14212.589007063805,2,2,0.4810961169996517
test_B_00000249,B,2,finfet_7nm,1,73.63543473043677,535.2686397692906,10.526979818506568,1.3188017271395172,73.83941054344177,535.3331488370895,10.36232789287213,1.5367437463409326,0.29521921277046204,0.42589807510375977,0.29521921277046204,0.6043747963720354,0.42153647541999817,122.6085558428722,8343.59636046768,3,3,0.6426997029998347
test_B_00000252,B,1,dram_1x,1,290.00507932039443,781.0698916720756,9.436674275380888,3.681015454046863,289.6219500899315,780.9958956716582,9.456191541230785,3.607844494668798,0.8229437470436096,0.8229437470436096,0.9366886019706726,0.036167081048664396,0.9366886615753174,1324.8547191181474,17901.6222800396,2,2,0.4388494710001396
test_B_00000255,B,4,dram_legacy,1,908.139221802548,367.7570597100528,11.269845381788407,3.918314572685981,925.3730500489473,572.2139520943165,8.550046652394142,4.047457974645242,0.17036201059818268,0.17036201059818268,0.4204411506652832,0.4011008325956168,0.45855093002319336,164.67679031243702,7366.337424796507,2,2,0.4669937540002138
test_B_00000258,B,3,finfet_7nm,1,827.8966748270198,895.8806765338979,8.464059023808906,0.299694047398793,830.3559526503086,895.6581856161356,8.758395734184088,0.918228130187823,0.20901845395565033,0.7635106444358826,0.20901845395565033,0.16568031527646138,0.2169012874364853,341.8691369461916,10805.360886115532,3,3,0.6264907350000612
test_B_00000261,B,2,finfet_10nm,1,681.4373510262895,688.7830937031703,10.903811091268492,-4.84521490332072,680.0594607293606,688.9431051760912,10.987721077060405,-5.0,0.6063427925109863,0.8243476748466492,0.6063427925109863,0.046075004813720406,0.6063434481620789,1230.9428759735395,27643.094875681676,2,2,0.5112403879998055
test_B_00000264,B,1,finfet_7nm,1,920.3511712255304,881.9761319222386,11.243054404172735,-3.2229548870571048,919.9430955983698,881.9703751187772,11.366346167301947,-3.199597455349428,0.5865445137023926,0.5865445137023926,0.7570875883102417,0.11415362899193787,0.8453402519226074,835.6195275484138,21341.77157262548,2,2,0.48066870899992864
test_B_00000279,B,4,dram_compact,1,862.1492200185555,687.5856019776278,10.298005586641814,-2.528676586651573,861.9987190365791,687.7563531696796,10.17173667126744,-2.365479063498724,0.4147336781024933,0.7451783418655396,0.4147336781024933,0.22234432473221524,0.44062232971191406,402.82585713859174,18051.360970734706,3,3,0.619215818000157
test_B_00000282,B,3,dram_loose,1,228.23710928325983,89.49140457714634,9.949244133399445,1.32381279098185,229.11905286461115,89.78134395182133,10.230500879349618,1.6069674535023695,0.5578654408454895,0.7145702838897705,0.5578654408454895,0.08026388830963006,0.5578658580780029,773.7436399565482,14849.022355411054,2,2,0.4662809629999174
test_B_00000285,B,2,finfet_28nm,1,564.242006197575,387.579187578798,9.533802350031046,2.540244746731656,562.5768013298512,387.51050665974617,9.513303074390624,2.2799315738393204,0.6481937170028687,0.8573462963104248,0.6481937170028687,0.19646760568981228,0.6984191536903381,560.0559311537353,13489.473752424432,2,2,0.48358074199995826
test_B_00000288,B,1,dram_compact,1,681.9964175683376,193.20287200982057,9.802243201121073,-2.884266866281457,682.0219891220331,193.1941643357277,9.881913317471247,-2.862548916016039,0.9136908650398254,0.942834198474884,0.9136908650398254,0.02602815073055714,0.913690447807312,1821.0470999407153,27773.918681952884,3,3,0.5960761370001819
test_B_00000267,B,4,finfet_14nm,1,573.2623850763177,189.11648539949817,9.797480677672574,-2.141160643023119,574.0588847845793,188.94005781412125,9.808579407237008,-2.0638169638149253,0.389357328414917,0.9140499234199524,0.389357328414917,0.06326475543574125,0.38935601711273193,845.6358190381504,22483.937594616687,3,3,0.6440720370001145
test_B_00000270,B,3,finfet_45nm,1,151.03685911563144,453.3441632420351,9.754971013374478,-0.9587300307392788,152.84772536158562,453.2259759902954,9.525691180622921,-1.497374645509772,0.5451210737228394,0.7791902422904968,0.5451210737228394,0.34361318518374595,0.5875858068466187,221.2980727302699,14102.826345988446,3,3,0.6583992139999282
test_B_00000273,B,2,finfet_45nm,1,707.6539998477806,535.4758830667824,11.910563465727922,4.8823619576783255,706.4293348789215,535.515522390604,11.863404932448995,4.138589431848463,0.5576016902923584,0.5576016902923584,0.7120608687400818,0.8430969136945319,0.7450124025344849,161.6785984033239,14510.044780372358,3,3,0.6795202560001599
test_B_00000276,B,1,finfet_28nm,1,812.209702568296,312.97799984607127,9.571561075046956,-2.642796356311734,812.4488397836685,312.9683224596083,9.64398356247726,-2.555892024515184,0.7635584473609924,0.8948711156845093,0.7635584473609924,0.08661885485850483,0.8135741353034973,899.7206958817934,23821.5522611851,3,3,0.640280119000181
test_B_00000291,B,4,dram_loose,1,468.93675322613615,458.65801990706416,8.608680911184926,-4.114770761727592,469.27824425697327,458.30006286501884,8.551775363367195,-4.768731311001036,0.5649820566177368,0.8665049076080322,0.5649820566177368,0.014977009521555916,0.5649822950363159,1165.963490593771,20718.484707874606,2,2,0.4872429279998869
test_B_00000294,B,3,dram_wide,1,233.56019778313023,440.9434919368049,9.627844858923826,-3.5338291409489333,233.46368712186813,440.9590664245188,9.571800053787848,-3.688434530322089,0.4827326238155365,0.8443668484687805,0.4827326238155365,0.18465077782385797,0.5032064914703369,518.6748765681348,14197.166467527019,3,3,0.6334156140001141
test_B_00000297,B,2,finfet_28nm,1,466.0787847358606,336.4579593828804,10.31225426182294,4.507901278718604,466.13078850507736,336.4167226701975,10.27739034574201,4.622181946324107,0.8130006194114685,0.8251432776451111,0.8130006194114685,0.05369574652762102,0.8130005598068237,1061.520846295846,22343.28273070123,2,2,0.48515688099996623
test_B_00000300,B,1,dram_wide,1,651.0756995185209,137.63363831287603,10.768212909840589,-3.6259041501444567,650.1780910491943,137.7080566585064,10.869470359773805,-3.460820633476012,0.7886198163032532,0.9298723340034485,0.7886198163032532,0.06788260170124756,0.7886192798614502,1492.1760346484919,25069.1571571087,3,3,0.659448029000032
test_B_00000303,B,4,finfet_7nm,1,226.65143659265505,654.8893005482884,8.89862113841172,-1.3527510538812797,226.14511148631573,655.0944475308061,8.934512892038184,-2.270588914001065,0.3870945870876312,0.4094235897064209,0.3870945870876312,0.6588724569034041,0.4755066931247711,100.84418800405602,5881.8739908397365,2,2,0.48503508200019496
test_B_00000306,B,3,dram_loose,1,80.76335921085041,520.9619693601694,10.055593045832325,1.8704151378216327,79.31236451864243,520.8924805521965,10.258787754635783,1.5126868899896249,0.21086183190345764,0.6289193630218506,0.21086183190345764,0.7326310266695326,0.23288896679878235,49.22002059522489,2014.3184059567113,3,3,0.6372037819996876
test_B_00000309,B,2,dram_compact,1,222.42983395107,220.41167824584304,10.750508720953476,1.640650423394156,222.04309476912022,220.22795541584492,10.611866801264934,1.3727024341644936,0.7594082951545715,0.8916715383529663,0.7594082951545715,0.3663877830709384,0.7594072222709656,493.3821882643011,25102.67893754759,3,3,0.6534663729999011
test_B_00000312,B,1,finfet_22nm,1,544.2880935361258,406.12348128791376,10.59122591832976,1.5215363715727293,544.0450417101383,406.10699766874313,10.576293635720484,1.6575914620099261,0.8106557130813599,0.8106557130813599,0.9342813491821289,0.03427740832978323,0.9342815279960632,1332.2872000572631,21838.38585954441,2,2,0.4856751889997213
test_B_00000315,B,4,finfet_14nm,1,522.5590207716087,690.7203838655192,10.185560022634364,4.017861793781423,519.0857401788235,690.5066507160664,10.208817861315868,3.968987228164437,0.22123026847839355,0.865608811378479,0.22123026847839355,0.10921577515616107,0.2522245943546295,518.3004365710842,23740.661229683035,3,3,0.6822891249998975
test_B_00000318,B,3,finfet_14nm,1,91.7852018425724,95.7206276606571,9.031866048483948,0.2500820276871724,94.15369121730328,95.85417887568474,9.10904161056166,-0.11677884084742376,0.5998608469963074,0.6988470554351807,0.5998608469963074,0.1635486146008924,0.6168794631958008,457.8234508136439,17684.018304009845,2,2,0.45569125000019994
test_B_00000321,B,2,dram_loose,1,283.9079103322296,890.7079060329745,11.995828965513333,-3.9962791383245975,282.1961543560028,890.6170624569058,12.0,-3.946074868161073,0.6914086937904358,0.8894348740577698,0.6914086937904358,0.03918275830687897,0.6914083361625671,1340.8627672935843,33738.001827504544,2,2,0.47598358000004737
test_B_00000324,B,1,dram_compact,1,909.552842158402,709.412008476731,8.881859753985946,0.6673864066691246,910.0215550363064,709.0619345009327,8.956945663661038,0.7715579378165514,0.7942675352096558,0.9375472068786621,0.7942675352096558,0.04440388804249257,0.8674134016036987,1487.7145571957658,28486.112344713845,3,3,0.6334006899996893
test_B_00000327,B,4,finfet_45nm,1,151.3937283896609,514.4043263627617,9.228842896723217,-0.9414256385538264,148.2612796574831,514.1406562030315,9.2345750725324,0.001242248006056823,0.3144732713699341,0.833740234375,0.3144732713699341,0.208793065977306,0.3144732713699341,202.23368113938596,12470.642781522487,2,2,0.48389375499982634
test_B_00000330,B,3,dram_wide,1,289.6991758730512,771.3913930899862,11.513261960256829,-4.930708871962466,289.9305903315544,771.305183082819,11.495522695200506,-5.0,0.20897868275642395,0.5055083632469177,0.20897868275642395,0.6428845317363248,0.2985578179359436,93.62192992928887,6205.013149037979,3,3,0.6577532789997349
test_B_00000333,B,2,dram_loose,1,420.8747949401382,91.71364486532964,11.57562025328081,-2.44639633539944,420.7025981247425,91.54334044456482,11.260810105482392,-2.5768317228332354,0.6392802000045776,0.8509588837623596,0.6392802000045776,0.028309218377245027,0.6392797231674194,1249.999097137269,18434.153611797094,3,3,0.667486634999932
test_B_00000336,B,1,dram_loose,1,717.2435311705578,587.2027201619102,11.48282194047032,-3.619806995652824,716.1479445397854,587.3287244737148,11.387309888831012,-3.813678989841339,0.6368998885154724,0.6368998885154724,0.7467014789581299,0.16736837913614333,0.7595765590667725,809.9875155296285,31702.110506092,2,2,0.4895701209998151
test_B_00000351,B,4,dram_loose,1,463.9124748728557,667.4276012707934,10.897109370896484,3.4861904259623504,462.0906790047884,667.482980877161,10.904289457252405,3.3978318349984575,0.512044370174408,0.512044370174408,0.569678544998169,0.8591544393638734,0.5887991189956665,180.10239312604844,16035.915862762264,2,2,0.48521099099980347
test_B_00000354,B,3,dram_wide,1,518.4456700108238,298.9214959111844,8.51473444557176,-1.4148713376519173,519.241587549448,298.8180043399334,8.513341377796426,-1.3726908961463793,0.5995491743087769,0.8812825679779053,0.5995491743087769,0.024007407137873485,0.5995476841926575,1364.9184887739093,14985.631830216387,3,3,0.6120914200000698
test_B_00000357,B,2,finfet_10nm,1,920.8563246642678,289.5563406822363,9.325774499627736,-1.149070260733831,920.7668106555939,289.4645685367286,9.526922279304818,-1.3091183114767406,0.6361255049705505,0.8996676206588745,0.6361255049705505,0.11977144535964751,0.6361253261566162,696.923278643016,24826.829501357104,2,2,0.4971804560000237
test_B_00000360,B,1,finfet_7nm,1,806.5730144289369,99.5655618410371,8.648851389613604,-3.3249613995417384,806.8021864593029,99.548499468714,8.672439363898919,-3.3992322485097994,0.9020854234695435,0.9020854234695435,0.9060762524604797,0.08894594146003808,0.9060748219490051,1357.1229541001408,24321.53554893414,2,2,0.6309827800000676
test_B_00000339,B,4,dram_legacy,1,76.09167917675546,779.9901659124923,10.90001423368377,1.0835658827971877,629.0200038496405,63.13177627325058,8.169158461903553,0.8083563289955978,0.2707775831222534,0.35792797803878784,0.2707775831222534,0.6518657260115887,0.27077701687812805,44.43949481363129,1617.5016225636793,3,3,0.6910674880000442
test_B_00000342,B,3,finfet_22nm,1,576.3462002211246,612.2525840939612,9.780959187043544,3.715570736673573,575.2220392972231,612.1998279094696,9.814173445252306,3.339216704334932,0.43423473834991455,0.584608256816864,0.43423473834991455,0.30661795420295,0.4509131908416748,138.72557454111936,8301.52997839942,3,3,0.6803265609996743
test_B_00000345,B,2,dram_1x,1,138.00881104920484,878.3367999165009,9.2692813087233,0.3562053804338259,139.12778276205063,878.3494192808867,9.523942374566927,-0.061039212828468324,0.6417927145957947,0.8878933787345886,0.6417927145957947,0.11937690528684856,0.6527231335639954,723.5000551953458,21336.677210938844,3,3,0.6731090429998403
test_B_00000348,B,1,finfet_28nm,1,772.9263432142184,610.1061536136369,8.256450264679914,3.023195226169607,772.519142948091,610.072911053896,8.405531400733219,3.06135554383904,0.766343355178833,0.8484705686569214,0.766343355178833,0.043749943800389095,0.76634281873703,1173.8337314922258,12621.587484522279,3,3,0.7945344099998692
test_B_00000363,B,4,finfet_45nm,1,392.8653730078541,382.2889400349273,10.706297155844885,-4.725670523825199,93.5505239367485,739.0748359262943,8.0,-4.609056535751269,0.22129398584365845,0.22129398584365845,0.33899885416030884,0.4717681310917643,0.3389990031719208,46.59516362291073,1423.7375564622482,3,3,0.7387750059997416
test_B_00000366,B,3,dram_dense,1,429.8635501193655,847.7051511429936,8.635008533035926,0.8462127378859758,429.1756981909275,847.6363652050495,8.690629000128705,0.8846215726639188,0.5707299113273621,0.6757811307907104,0.5707299113273621,0.4173871374206785,0.6194345951080322,247.94542527415874,15450.660760537854,2,2,0.5439637750000657
test_B_00000369,B,2,dram_dense,1,307.43844346657755,919.390169485494,8.146716395299881,-0.2735163336139523,308.2969178557396,919.3799397349358,8.150545418487113,-0.24396134799764446,0.7391382455825806,0.9232022762298584,0.7391382455825806,0.13529040309478535,0.7490215301513672,644.7731726262198,18114.494962714492,3,3,0.8029695610002818
test_B_00000372,B,1,finfet_45nm,1,294.67001042158154,179.56859138130898,10.879999304169283,-1.5745901654207506,294.94574987888336,179.4779730439186,10.73866280067165,-1.6319386888310479,0.8612587451934814,0.9290849566459656,0.8612587451934814,0.10688863720507621,0.8676161170005798,936.2929376845303,23868.511704891298,3,3,1.3874748970001747
test_B_00000387,B,4,finfet_7nm,1,588.1577760917075,68.51895027799475,11.272508398971418,4.069787083301495,591.6231686547399,68.43766638636589,11.185699367413871,4.47145441714938,0.32678231596946716,0.36790502071380615,0.32678231596946716,0.6806678156483792,0.3267827033996582,115.88864962709633,7133.457933543285,1,1,0.32277935199999774
test_B_00000390,B,3,finfet_14nm,1,743.5917320646832,530.1583869695879,11.473015677515424,-3.323669654524426,741.8324764072895,530.0517738759518,11.477785875823512,-3.8402461419975893,0.485866516828537,0.8374217748641968,0.485866516828537,0.173088376997903,0.48586612939834595,456.1620895135116,29466.35608968544,2,2,0.6685653559998173
test_B_00000393,B,2,dram_legacy,1,807.4566429272595,245.57221847074857,9.24708205870821,-2.6326598003822124,808.5593631230295,245.6309665888548,9.277423531273596,-2.704063105812514,0.8487008213996887,0.8921733498573303,0.8487008213996887,0.49432837047377487,0.848700761795044,363.95987602459616,24726.456047266627,3,3,1.179138239999702
test_B_00000396,B,1,dram_wide,1,230.63477168023093,658.2141668737866,10.429892034248583,3.4886199089256014,230.03160220384598,658.2300329506397,10.353734614003823,3.537778953012646,0.7840465903282166,0.7840465903282166,0.8565101027488708,0.07351687710898769,0.87098228931427,806.574311902292,34975.93650696574,3,3,1.3641487479999341
test_B_00000375,B,4,finfet_10nm,1,550.9087572389185,350.6772977558424,8.441575726168777,3.723048453652364,551.5264132171869,350.6179892271757,8.476535467036069,3.7838480521646614,0.25467148423194885,0.8077736496925354,0.25467148423194885,0.4164478398440754,0.26705455780029297,174.8389998701278,8747.410098110187,3,3,0.7787167940000472
test_B_00000378,B,3,finfet_10nm,1,356.63211859438303,885.7682677754208,10.552181110307322,-0.6319462850054123,356.88789331912994,885.9523238949478,10.206915803347055,-0.10249026502117047,0.3336654007434845,0.4458589553833008,0.3336654007434845,0.6383615462111538,0.3336648941040039,130.6431107751168,8663.290761795626,3,3,1.0787645670002348
test_B_00000381,B,2,finfet_14nm,1,520.9303853238625,323.04475620539966,8.543895259054722,-1.3017101508303686,520.32751968503,323.2705053091049,8.562953055181499,-1.3135754691741675,0.41739797592163086,0.795579195022583,0.41739797592163086,0.07175278892751089,0.44140592217445374,739.1402923438617,13880.725620540352,3,3,1.5442505909995816
test_B_00000384,B,1,dram_1x,1,211.87182115810845,115.77234468235388,10.356996330947752,-4.407730059869958,212.055287450552,115.69865730404854,10.30325005007696,-4.465217377326266,0.8198357820510864,0.9210804104804993,0.8198357820510864,0.04380624454602018,0.8363022208213806,1342.1373314561783,26119.03845603949,3,3,0.8905511600000864
test_B_00000399,B,4,finfet_22nm,1,892.8070759682638,259.0680491412363,11.447749893895995,1.1179019592985684,891.3644101023674,259.1378704458475,11.36377243081745,0.32141996384296523,0.44426795840263367,0.5237388610839844,0.44426795840263367,0.43617026179941004,0.44426649808883667,225.46725346621002,15486.453428820623,3,3,1.1057499650000864
test_B_00000402,B,3,dram_wide,1,139.12715250773658,524.3525177990233,10.049309110361628,-4.140008245051688,62.81216675043106,681.3832641839981,9.04765096228136,-4.058419627347297,0.4381089210510254,0.4381089210510254,0.4830693006515503,0.4954256645490057,0.4976191818714142,177.06434818216894,9465.430784356171,3,3,1.1649824729997817
test_B_00000405,B,2,dram_compact,1,831.5392420394783,63.98825051878299,9.425604125386752,3.757399194375335,834.3558762520552,64.01557359099388,9.52508854345844,3.652268801164185,0.7077491283416748,0.9152913093566895,0.7077491283416748,0.042141947891513695,0.7240933179855347,1430.4725435887476,15011.340796831812,3,3,1.4755144020000444
test_B_00000408,B,1,dram_legacy,1,543.4083459640565,511.1197601852761,9.083014119013043,0.0011246421914368,542.8789761066437,511.1328220963478,9.090192054190842,-0.043144720678387566,0.6399481296539307,0.6399481296539307,0.8221848607063293,0.018898830715887452,0.8847167491912842,991.2639557148998,11475.341502553378,2,2,0.6881782340001337
test_B_00000411,B,4,finfet_14nm,1,415.4767620930421,645.2383628219735,10.000358895100762,-0.1402394855876201,417.7969460487366,645.1870219111443,9.961820657677778,-1.1203847571712513,0.23417377471923828,0.5180135369300842,0.23417377471923828,0.47769967178029704,0.25797903537750244,106.78705089698663,5373.133306521419,3,3,1.1614479909999318
test_B_00000414,B,3,finfet_28nm,1,93.4658099277321,398.9180492373816,10.164285091652038,-3.8157035144119353,102.31121443212032,737.183092623949,10.468140089396348,-3.9954077528335166,0.4204231798648834,0.4204231798648834,0.6593823432922363,0.8319048879139319,0.6787837743759155,84.13354058188472,5341.682606604283,2,2,1.1774872339997273
test_B_00000417,B,2,finfet_7nm,1,290.540560358994,161.3428179726696,11.455828972192204,0.7249598541907236,291.49845481675584,161.3491857945919,11.458294709327491,0.2144467413315387,0.6527498960494995,0.8625919818878174,0.6527498960494995,0.28057043267044834,0.6527498364448547,619.0485809436839,31607.822151349934,3,3,1.058075531999748
test_B_00000420,B,1,finfet_45nm,1,171.15159253866568,880.2909560070239,8.216037730893154,4.340355972145515,96.59789538383484,137.1333881020546,12.0,4.67588136792322,0.17101572453975677,0.17101572453975677,0.6761711239814758,0.32530977406253087,0.6761707067489624,107.33643515386966,6990.58755716238,3,3,0.898289324000416
test_B_00000423,B,4,dram_loose,1,910.788759050134,468.35998348033286,11.352814203272816,-1.4874558541283711,380.59398806095123,918.3862184882164,9.815082570167638,-1.8836352418212619,0.16504685580730438,0.298206090927124,0.16504685580730438,1.0,0.25380489230155945,40.68689785652004,1175.5910611426311,3,3,1.1487689059999866
test_B_00000426,B,3,dram_dense,1,363.30786790082016,947.2924324582774,10.066134045501723,-1.3192241909656586,363.8266756385565,947.433395832777,10.101042946609562,-0.3134173036688817,0.4875972270965576,0.7479853630065918,0.4875972270965576,0.15631761434593938,0.5207286477088928,509.75964700561923,22591.423126425205,3,3,1.1509905880002407
test_B_00000429,B,2,finfet_45nm,1,577.6926473886739,378.23333712389103,10.95747519110316,0.9407278798682884,579.0346543490887,378.1633146703243,10.93425178276663,0.9121146418156538,0.3390354514122009,0.6499285697937012,0.3390354514122009,0.5928835054170987,0.3885294795036316,191.12800688696348,13920.85531782826,3,3,1.173679663999792
test_B_00000432,B,1,dram_dense,1,466.9772720055525,932.0201380955696,9.2658562022104,3.968645090428071,467.20457650721073,932.0371200032532,9.226295146066663,3.947889364341101,0.8209332823753357,0.8722502589225769,0.8209332823753357,0.02620213384564954,0.8209326863288879,1150.0926580585935,23250.630824171378,3,3,1.054027156000302
test_B_00000435,B,4,dram_loose,1,925.8735501243128,514.803230193279,11.421319427725706,-2.114591639228516,926.8352791368961,514.560125734657,11.644295666974534,-1.9205313846584233,0.40844056010246277,0.857734203338623,0.40844056010246277,0.074297767566026,0.42864689230918884,615.2791117905664,27270.666511976437,3,3,1.019098748000033
test_B_00000438,B,3,finfet_45nm,1,930.7310304755986,904.9033797713056,10.105058886015698,1.5266258676173765,930.0229402724653,904.9769677724689,10.12553859591974,1.5412755796602455,0.2266468107700348,0.2266468107700348,0.4014536440372467,0.8661004825111883,0.5120248198509216,109.75217407180884,7424.012717598077,3,3,1.437800014000004
test_B_00000441,B,2,dram_dense,1,126.27140062493277,590.0464791746044,11.720546077599018,-3.2927233141789847,125.10049006342888,590.0378054864705,11.826871400397387,-3.471149624156923,0.7026263475418091,0.8611035346984863,0.7026263475418091,0.23027873761327675,0.7026264071464539,553.2144191692782,45756.69393169,3,3,1.0838392830000885
test_B_00000444,B,1,finfet_10nm,1,477.5867213257639,143.97519014993316,11.277540946151555,0.3270790987505485,477.7502190768719,143.95932373404503,11.237456029726012,0.19484704267765843,0.573621392250061,0.573621392250061,0.9435757994651794,0.06736818055709977,0.9435769319534302,901.2091966846529,48526.00018274258,2,2,0.9340414520002014
test_B_00000447,B,4,dram_legacy,1,932.0564323254704,733.3782061309416,8.214388466277217,-0.2702720020678981,932.9769334495068,733.4122167155147,8.182315495642683,-0.09886127266111451,0.57635897397995,0.7837082743644714,0.57635897397995,0.10787682237356926,0.5763595700263977,622.9792479811887,17653.527649792733,3,3,1.2147749330001716
test_B_00000450,B,3,finfet_45nm,1,428.4204049480077,431.03046238519687,10.600281961552271,1.0849832179303096,429.228952139616,431.14054837822914,10.55915739227045,0.617149816696109,0.1612972617149353,0.28795865178108215,0.1612972617149353,0.6054551876889628,0.23790410161018372,51.84003722068811,2107.905657749104,3,3,1.2882703390000643
test_B_00000453,B,2,finfet_28nm,1,936.0844301018408,370.174521108177,8.749177396641421,-0.7372199403047777,935.675094768405,370.3094125390053,8.56619442573531,-0.32121292250862243,0.5588130950927734,0.8654855489730835,0.5588130950927734,0.20162379054956883,0.5588131546974182,517.2563410454001,20980.471740608933,3,3,1.0983766149997791
test_B_00000456,B,1,dram_wide,1,231.623532665193,528.7196490955024,9.291204063332952,4.950424462790243,232.41041508316994,528.6840162575245,9.327086291847847,4.872932627429941,0.8476664423942566,0.9221462607383728,0.8476664423942566,0.009571788758058844,0.8476659059524536,1533.5021458335898,30910.392304040826,3,3,1.5274423870000646
test_B_00000459,B,4,dram_wide,1,79.79276741137875,456.5686915812898,9.195703047974671,-2.604456611641476,82.60951558500528,351.2905334085226,8.963432134755017,-2.8620744195001824,0.3246493339538574,0.3246493339538574,0.33725303411483765,0.6552328267035231,0.4191019535064697,52.38401914286106,2002.2492201599428,2,2,1.0195467650000865
test_B_00000462,B,3,dram_1x,1,618.3574636757928,401.4817585866081,11.034846870996434,1.0120896113119464,617.8444403707981,401.3141234368086,11.021053849567625,0.2560817588223555,0.43417009711265564,0.681968629360199,0.43417009711265564,0.1354334667507463,0.45301347970962524,414.85666605725265,23879.883533709602,3,3,0.9756145020000986
test_B_00000465,B,2,dram_dense,1,181.38866983278035,140.30361854006884,9.927248602426817,-2.989511433970943,180.70371924340725,140.30619983375072,10.001387313127925,-3.0697722866818085,0.5447244048118591,0.9225755929946899,0.5447244048118591,0.06343593833282186,0.5447240471839905,1085.9973549514611,20382.098482872654,3,3,1.2304860849999386
test_B_00000468,B,1,dram_legacy,1,728.4635507114812,214.2776985177292,10.235283366777695,-2.4448569444215296,728.9582946524024,214.19885689020157,10.257708219248343,-2.6362146049869613,0.864789605140686,0.9242439270019531,0.864789605140686,0.09987671092411829,0.8647880554199219,1498.2080110991587,28345.529957075814,3,3,1.5225071459999526
test_B_00000471,B,4,finfet_22nm,1,286.660404311647,123.87064740661656,9.331164815942788,0.5656572902416901,287.0204605553299,123.93619235605001,9.303219596787276,0.1458189509976726,0.29270127415657043,0.7082938551902771,0.29270127415657043,0.4692758658674318,0.2927004396915436,122.2375352642025,7283.2745139608705,3,3,1.1828291510000781
test_B_00000474,B,3,dram_compact,1,210.09527318708652,253.24637775869195,10.343983382087536,-2.7287503504151003,208.43515026569366,253.3498584330082,10.351293703814397,-2.900054644838115,0.44894012808799744,0.7636247277259827,0.44894012808799744,0.4598900112922011,0.5141223073005676,276.568515708239,16157.305092722652,3,3,1.2056998200000635
test_B_00000477,B,2,dram_dense,1,866.8058347468885,741.9728980915914,8.34000291861909,-1.343028198963033,868.4546691700816,742.1298952996731,8.364471509780872,-1.4842190280133474,0.6639524102210999,0.9467644691467285,0.6639524102210999,0.10991966512113518,0.6639515161514282,915.3443657586645,16577.880719537363,3,3,1.2288533470000402
test_B_00000480,B,1,finfet_22nm,1,138.87917675508186,373.7206458243133,8.28589095041276,-0.6718563835624938,138.4461110830307,374.01871318742633,8.44837938281701,-1.1131009726583105,0.6620368957519531,0.885032057762146,0.6620368957519531,0.049399925035562814,0.6998973488807678,1591.455165535112,24650.996519405086,3,3,1.3953142849995857
test_B_00000483,B,4,finfet_22nm,1,929.3314379207008,259.04131746835344,9.57176617104153,-2.3822161922466343,928.8950015828013,259.1605868190527,9.907956169977334,-2.162433857330754,0.3299567401409149,0.5610923767089844,0.3299567401409149,0.3175573810057993,0.4196198284626007,271.2659478516864,15697.475256736521,3,3,1.4571528299998135
test_B_00000486,B,3,finfet_7nm,1,513.3150436342377,698.4480528479571,9.02766185145504,2.080856987809071,512.5448780357838,698.2902218401432,8.99297114718606,2.0289912343211918,0.42748790979385376,0.5243618488311768,0.42748790979385376,0.4497458149811784,0.49666041135787964,231.02681318139395,13017.470370973877,2,2,1.23387693199993
test_B_00000489,B,2,finfet_14nm,1,187.9699616117628,836.7501822326628,9.74932331400929,3.202054485663272,186.86643187701702,836.7487764954567,9.499622301827449,3.175747640332464,0.665492594242096,0.9385436177253723,0.665492594242096,0.01959749213918908,0.6654922366142273,1860.4976847831072,27795.130893440582,2,2,1.0643615330000102
test_B_00000492,B,1,dram_1x,1,543.7057040863247,246.57935353005288,8.958747233149952,-0.5469335138622133,543.4406120888889,246.67469680309296,9.031461235922004,-0.6791149465200628,0.8848406672477722,0.8848406672477722,0.9188674092292786,0.01279985945590493,0.9188672304153442,1953.7099418486175,27121.466195840723,2,2,0.9757151180001529
test_B_00000495,B,4,dram_1x,1,309.25605484141875,377.1487953574637,11.51157105773769,1.0715515391484,308.18198458850384,377.31143566966057,11.644367522391066,1.1728490616516651,0.41723009943962097,0.41723009943962097,0.48799651861190796,0.7274602088769228,0.5054146647453308,114.11977837930016,6977.828383626751,2,2,0.9401555419999568
test_B_00000498,B,3,dram_legacy,1,418.3336235721056,666.527314285857,8.829250414852737,1.8484074491610287,417.84434093534946,666.8096574246883,8.844396617597193,1.5997440828366,0.6252067685127258,0.8877390027046204,0.6252067685127258,0.09619128819402505,0.625206470489502,758.7915133835251,13595.733562756253,3,3,1.7639336530000946
test_B_00000500,B,1,dram_wide,1,788.9834307551,715.2348507611276,9.212848851238004,4.861372750144898,789.5669015645981,715.3250421434641,9.197302641625367,4.814797686396453,0.8641950488090515,0.8641950488090515,0.9074344635009766,0.06784710679589954,0.9074345827102661,1261.946461350474,11832.74237992381,3,3,1.2565640459997667
test_B_00000503,B,4,finfet_45nm,1,192.9767639599605,199.5821605347728,8.89013334846483,1.0451127671585834,196.27743050456047,199.57996398210526,9.093984554081677,0.26877441782103767,0.5282698273658752,0.8214683532714844,0.5282698273658752,0.1046433045188374,0.5282706022262573,384.10942904384547,13073.147296428617,3,3,1.1323237650003648
test_B_00000506,B,3,finfet_45nm,1,101.43862307263066,631.5686011390005,9.37712916369827,0.5945767318370931,101.50343729672022,631.43318002671,9.35552376483361,0.1897802989953173,0.4888910949230194,0.6598281860351562,0.4888910949230194,0.3190166647395502,0.5155588984489441,162.49852509018012,11517.0122885284,3,3,1.7167540340001324
test_B_00000509,B,2,dram_loose,1,331.4448213503508,803.1467218316656,10.902413206788012,-3.5781971312761174,332.81046423316,803.1293186545372,10.967721864383082,-3.8056159158200846,0.7152112126350403,0.9335312247276306,0.7152112126350403,0.059015854720213916,0.7242724895477295,1453.3776815540584,38531.88959224824,3,3,1.395067804000064
test_B_00000512,B,1,dram_dense,1,788.2615078068071,801.239801382533,8.12875823395365,-2.180718135835633,787.6829991340637,801.2864368110895,8.055164358468282,-2.057994006660498,0.9204664826393127,0.9204664826393127,0.9339044094085693,0.0175296548762163,0.9339045882225037,1852.6685947392562,13823.144368868314,3,3,1.4564330829998653
test_B_00000515,B,4,finfet_22nm,1,419.3020891859096,326.6817276260505,9.345449283082631,-4.402275276895161,571.3941733539104,338.41613072156906,9.320966077357065,-4.742408537990073,0.5489803552627563,0.5546755790710449,0.5489803552627563,1.0,0.5826699733734131,52.772911274167214,2199.742098534547,3,3,1.7183602029999747
test_B_00000518,B,3,dram_legacy,1,465.562195980252,485.2712540378133,8.614556849871722,3.4397332571329464,462.584801197052,485.43296748399734,8.541828896487853,3.40475041267177,0.43321725726127625,0.8137044906616211,0.43321725726127625,0.2828531890836128,0.4332171380519867,242.65541573753407,9614.372767545545,3,3,1.726338209000005
test_B_00000521,B,2,dram_legacy,1,68.17551656580218,194.0196660628924,10.980039557194043,-2.589515929929446,67.27382466197014,194.02273635193706,10.937082574141547,-2.67213595499958,0.7162168622016907,0.9169099926948547,0.7162168622016907,0.03888905537646043,0.7162167429924011,1280.2465257365943,40094.55594969371,2,2,1.0758180109996829
test_B_00000524,B,1,finfet_14nm,1,502.07783519471417,57.28666459539579,11.90802979537346,-0.8027187771043041,501.583206795156,57.201968014240265,11.668958836112276,-0.46868820418103746,0.7727673649787903,0.8812688589096069,0.7727673649787903,0.07628619167307284,0.7727668881416321,1197.8842306217173,34741.54545123011,3,3,1.1170788780000294
test_B_00000527,B,4,dram_1x,1,814.204263325913,717.481367494674,8.43140541217613,1.2166379634680329,812.7523668706417,717.5492581017315,8.428450294853494,1.0689441213444373,0.4648438096046448,0.5400121212005615,0.4648438096046448,0.33172156977450085,0.46484375,292.0022570474424,12793.44446735859,3,3,1.4351050139998733
test_B_00000530,B,3,finfet_7nm,1,252.3926114059788,880.6301797161284,9.208649679926085,-2.946864072562102,254.53468211367726,880.6282693296671,9.203072528587025,-2.9864791756639457,0.6058748364448547,0.9371361136436462,0.6058748364448547,0.05826249551996545,0.6058768033981323,722.6377209474526,24669.0013832712,3,3,1.3573694639999303
test_B_00000533,B,2,finfet_45nm,1,108.58883280855866,865.7877559399976,8.204780816756186,3.4488115980342204,107.02571360766888,865.7854323685169,8.219862360355966,3.4412324728402446,0.7287403345108032,0.9285426139831543,0.7287403345108032,0.03940163229633928,0.7287402153015137,1562.474214090071,21265.88793570182,3,3,1.4244486090001374
test_B_00000536,B,1,finfet_45nm,1,911.7120589119668,209.5486348272456,10.441017341385749,-4.446591678402836,911.8119085431099,209.52697614580393,10.73043503316822,-5.0,0.6865441203117371,0.8470889925956726,0.6865441203117371,0.14141469286603134,0.6865441203117371,767.2715437370446,30437.998260723634,3,3,1.2132795510001415
test_B_00000539,B,4,dram_dense,1,625.3570896509814,415.0187974445539,9.341118674816844,1.9289024049056616,622.882803529501,414.55273346975446,9.277517266840189,1.98167988716312,0.32290202379226685,0.5505234599113464,0.32290202379226685,0.4303212147439475,0.3535807430744171,130.6893850310592,8282.06391172836,2,2,0.9570072639999125
test_B_00000542,B,3,finfet_45nm,1,245.7996968911216,389.5983879128605,10.085047796157369,-4.731702500184109,244.6302491724491,390.1316892206669,10.143613448185185,-4.3573314592116255,0.198884055018425,0.5307720303535461,0.198884055018425,0.49413394480350487,0.2850643992424011,210.59238379458014,17197.2714789015,3,3,1.3470231260002947
test_B_00000545,B,2,dram_1x,1,199.6184872914272,728.0689935913795,11.458758773286926,2.5344122297935687,200.0438548438251,728.25670966506,11.23222256347356,2.316816178658367,0.5061790943145752,0.8299170136451721,0.5061790943145752,0.16368413144870936,0.5113936066627502,792.9062159029979,34215.4517317159,3,3,1.2276476780002668
test_B_00000548,B,1,dram_compact,1,243.0136093787744,485.1183631433772,8.665934699311691,-3.48561743485861,243.727149695158,485.09097104519606,8.652541416304267,-3.355684983180841,0.8712664246559143,0.8712664246559143,0.8969157934188843,0.01408496943716147,0.8969155550003052,1607.546680326427,13922.170314663124,2,2,0.931693518999964
test_B_00000551,B,4,dram_loose,1,61.70174739058177,488.9101658564648,11.695345249409606,4.766038170783588,61.768212139606476,488.93426686525345,11.904511628058103,4.977904267315893,0.316805899143219,0.7877262830734253,0.316805899143219,0.40526113560273896,0.31680572032928467,189.48956280336154,13106.517597790582,3,3,1.221532987000046
test_B_00000554,B,3,finfet_28nm,1,865.1590670922915,790.8775447958678,10.1876687960758,3.7674133793729343,866.0138626396656,790.7741665542126,10.23223090632187,3.6644985016651246,0.3728210926055908,0.9063509702682495,0.3728210926055908,0.11001906741568453,0.39841312170028687,698.2320591081676,26481.97780208564,3,3,2.0548585020001155
test_B_00000557,B,2,dram_loose,1,72.51733567043095,94.84275977562696,11.07808194326618,-0.18960894776834,71.82141670584679,94.76655238866806,10.804042297640835,-0.24019726616853143,0.3855120539665222,0.3855120539665222,0.7562566995620728,0.6162500450306355,0.7851610779762268,210.95640593422374,16001.488688923171,2,2,0.8966144139999415
test_B_00000560,B,1,finfet_7nm,1,694.9293425854294,730.3761802942853,10.88370331966691,-4.337682476257907,694.4908408913761,730.4227397814393,10.898511253451984,-4.2422072656647885,0.801365852355957,0.9284164905548096,0.801365852355957,0.09424683030132297,0.8013648986816406,943.1621896381159,26733.25060219877,2,2,0.9514828040000793
test_B_00000563,B,4,dram_1x,1,762.0969734513385,462.9011950324248,11.241798300150348,-1.5395385715862675,761.5352069623768,463.285503461957,11.150098150286833,-1.0497469673411286,0.3834877014160156,0.3834877014160156,0.4119689464569092,0.7843911178615126,0.4432699382305145,127.14820680318637,8452.075806850404,3,3,0.907565717000125
test_B_00000566,B,3,finfet_10nm,1,636.96315776023,452.1697854061944,10.93631223556758,-3.312761125560748,638.8878038525581,451.97689029574394,10.972488145624498,-4.289895357680603,0.3748404383659363,0.5194286108016968,0.3748404383659363,0.6584201095040189,0.40418726205825806,145.53087701137807,10395.345828207213,3,3,1.068145734999689
test_B_00000569,B,2,dram_compact,1,237.73124305516015,323.8185243116292,9.222543543971105,4.53707299767127,236.73590672016144,323.8339875340462,9.244536905314428,4.445056968516529,0.7328996658325195,0.8899059891700745,0.7328996658325195,0.09729475165847351,0.7328999638557434,851.5837861345334,15210.404910040748,3,3,1.2133883339997737
test_B_00000572,B,1,dram_legacy,1,635.8714819057548,214.9950869171905,10.06574925440652,1.7371993252978637,634.7222583293915,215.10317704826593,10.138690856048978,1.7804980530042342,0.8442622423171997,0.927420437335968,0.8442622423171997,0.02441641203177499,0.8442621231079102,1793.51257648302,27672.757074921847,3,3,1.338386894999985
test_B_00000575,B,4,dram_legacy,1,424.83434485821584,120.89476218736542,11.372904973372735,-3.426367542901617,422.452877394855,121.3820243254304,11.394411102073725,-3.381533259675948,0.23105761408805847,0.730409562587738,0.23105761408805847,0.21373969040427562,0.23105843365192413,121.7529124463963,7681.55275720092,3,3,0.8514983730001404
test_B_00000578,B,3,dram_wide,1,228.90089367936707,94.30499668781584,9.09438381258949,4.793394846964761,229.40719521045685,94.66325953602791,9.386478394481296,4.160472733663554,0.6069261431694031,0.9386252164840698,0.6069261431694031,0.07542149658123902,0.6069257855415344,853.7008270540483,22878.84640385532,2,2,0.6363070689999404
test_B_00000581,B,2,dram_legacy,1,619.0847528260008,911.8828931752244,8.537763631807401,-0.6250246044618795,620.4598343372345,911.795826882124,8.56727913715611,-0.3685731454957517,0.6613264083862305,0.7617456316947937,0.6613264083862305,0.29269651707347377,0.6794477105140686,374.6547260993491,15741.260750738305,3,3,0.8753241239996896
test_B_00000584,B,1,finfet_28nm,1,117.6865590953023,711.9510159011886,9.967273412073068,1.9373449069305613,117.68703362345695,712.3169405907393,9.72787719740296,2.2462761404863585,0.7479120492935181,0.9352083206176758,0.7479120492935181,0.036524712380830014,0.7479112148284912,1583.3410431168459,27166.630295134433,2,2,0.49856310600034703
test_B_00000587,B,4,dram_wide,1,685.7344799778912,868.9757073646092,10.287481295494924,0.1624430661916323,788.2270115613937,869.5084935734048,10.959919763445543,-0.013362658830767773,0.39058488607406616,0.5238791108131409,0.39058488607406616,0.7253669916362441,0.38819026947021484,119.08288451879596,8082.274685530583,2,2,0.8093239559998437
test_B_00000602,B,3,finfet_22nm,1,105.66353700970166,739.2457338012858,11.302972548621131,3.962401381898213,104.67029798030853,739.108112603426,11.248573654302744,4.046227264657301,0.46208590269088745,0.9217149615287781,0.46208590269088745,0.026246081092170616,0.4620855152606964,1329.540250735493,32043.237641824497,3,3,0.9957782999999836
test_B_00000605,B,2,dram_loose,1,209.68658519538235,767.3270366713673,8.96827108690741,2.7779697408889703,209.9736402463168,767.225748077035,9.086275595735035,2.6582383858057836,0.6238371133804321,0.866270124912262,0.6238371133804321,0.036305007960518526,0.6513451933860779,1304.2044500215402,19340.28671730368,3,3,0.8024965270001303
test_B_00000608,B,1,finfet_45nm,1,940.3609207070408,692.6555173613401,9.854132829308115,-2.7094266840865098,939.5513751395047,692.6322077810764,9.91028705753226,-2.669139624660666,0.8193374872207642,0.9472571611404419,0.8193374872207642,0.030894984189865582,0.819337010383606,1723.9548000322243,25343.28638430954,1,1,0.45282471900009114
test_B_00000611,B,4,dram_compact,1,298.379179772994,590.8996969824204,11.29183258797544,4.160710512405547,94.41506761312485,773.2875127494335,8.509122025388296,4.05737288265747,0.20182150602340698,0.4470979869365692,0.20182150602340698,0.9166216452489145,0.2311440110206604,32.31073779527175,912.9894983881013,3,3,0.8918467430003147
test_B_00000590,B,3,dram_wide,1,594.7352339728308,153.15818610098663,8.469369012773925,-2.0179084290606166,595.6909806132317,152.9802508596331,8.395567480704104,-1.982873259340119,0.42864295840263367,0.8969259262084961,0.42864295840263367,0.016769395080848383,0.4286436438560486,1477.0617913583003,19129.249264319053,3,3,1.0324875569999676
test_B_00000593,B,2,finfet_7nm,1,819.9703759347312,209.10243456091652,9.07100244542825,-4.750866812273159,819.3896766602993,209.11314025521278,9.062941024431183,-4.5984659347927765,0.7573811411857605,0.8037934899330139,0.7573811411857605,0.04775221726550985,0.7708524465560913,1152.1856057923917,16558.6917045777,3,3,0.8115705330001219
test_B_00000596,B,1,finfet_7nm,1,710.2388088521986,655.3422285655973,8.230486858079837,-0.2011402973929064,710.8199200332165,655.408528573811,8.176583137044195,-0.12078730182182278,0.7484893798828125,0.9352924227714539,0.7484893798828125,0.06728030749949511,0.748491644859314,996.8598421828962,11278.282599972994,3,3,0.9626733089999107
test_B_00000599,B,4,dram_loose,1,620.7577387211953,156.15210771548522,10.557927785174542,0.6328212543478449,624.3076911121607,155.92327162623405,10.527721916402198,0.4519151323426709,0.4017324149608612,0.9021173715591431,0.4017324149608612,0.581657385541266,0.4203616678714752,237.64879879450257,16476.3267266346,2,2,0.5054233870000644
test_B_00000614,B,3,finfet_10nm,1,172.27914646514398,880.7826091361392,9.608923334465697,-1.5741797367872843,172.26888221502304,880.7548898756504,9.615964456832616,-1.924867714661507,0.5323655009269714,0.5323655009269714,0.570586621761322,0.4361265005831535,0.5998262166976929,167.167285132266,13340.876274534141,3,3,0.8540081929995722
test_B_00000617,B,2,dram_wide,1,677.4760567519792,648.043417817522,8.77109981294915,1.0269547126101095,678.8227328211069,648.1656464338303,8.773940177141576,1.011352659334511,0.7798774242401123,0.8900004029273987,0.7798774242401123,0.01120254455294494,0.7798777222633362,1683.278721500958,22628.88801234981,2,2,0.676048794000053
test_B_00000620,B,1,finfet_28nm,1,217.8302487044372,238.5495305544968,11.418136595885237,3.5528159550537044,217.9659743271768,238.5727663040161,11.517918741857658,3.898142396999972,0.8406680822372437,0.8406680822372437,0.8627274632453918,0.03212754146498138,0.8627263307571411,1675.2621058206382,21845.43611157624,2,2,0.7422492929999862
test_B_00000623,B,4,finfet_10nm,1,504.374822309638,164.3054995585154,8.705529913252272,-2.958098683669117,501.6757404357195,163.7689207792282,8.697641653838188,-2.2610507508465822,0.509151816368103,0.7399162650108337,0.509151816368103,0.1523496050946794,0.5192222595214844,495.0703270250049,16167.441033427795,2,2,0.55707160799966
test_B_00000626,B,3,finfet_7nm,1,367.611954773,181.5615260216756,8.567221822012502,3.8872531316437104,366.7045400738716,181.4941225349903,8.516483758721607,3.9943725461618023,0.27125775814056396,0.6813264489173889,0.27125775814056396,0.5009464374244199,0.3016587495803833,170.6372800923586,9695.711224907513,3,3,1.0392093000000386
test_B_00000629,B,2,dram_wide,1,426.4194807785758,178.53089823369857,8.384068400484814,3.081325532986682,427.4800720605999,178.56851764768362,8.395691815682973,2.7937025463297163,0.7917985320091248,0.9145060181617737,0.7917985320091248,0.059232630281241476,0.7917987108230591,1081.6773110618853,18102.980452441825,3,3,0.8334018989999095
test_B_00000632,B,1,dram_loose,1,810.1129691678423,103.26671096926452,10.2171321631702,2.706220108638328,809.8578501343727,103.13508625328541,10.080227953544268,3.089834943833431,0.8715678453445435,0.9347065687179565,0.8715678453445435,0.09380054035978327,0.8715671300888062,1357.9571825077774,27521.263690635515,3,3,0.9293694339999092
test_B_00000635,B,4,finfet_22nm,1,339.8644452210006,607.9252196885269,10.507504072279854,3.822969572184519,338.4412375725806,607.8925755620003,10.52860235088015,3.491430860661003,0.46127524971961975,0.5148060917854309,0.46127524971961975,0.5413787150719814,0.48333901166915894,193.5378893426203,10499.102148057662,3,3,0.8258809740000288
test_B_00000638,B,3,finfet_45nm,1,852.1105692299736,798.7721799252815,9.728624228421715,3.933975225718193,853.7290222644806,798.7877348959446,9.661281977589327,3.9535656940083563,0.3258932828903198,0.6795172095298767,0.3258932828903198,0.583543464720163,0.38919293880462646,206.77222037237343,17337.827692008792,3,3,1.1023751679999805
test_B_00000641,B,2,finfet_28nm,1,873.6103733458452,252.6649081180114,10.596400976973424,0.1068881295440942,872.2031947076321,252.66205771267414,10.719572031970506,0.2244105251728216,0.6596444845199585,0.9133931398391724,0.6596444845199585,0.15896410277760775,0.6778837442398071,979.6415581340947,39812.71316000695,3,3,0.759962152999833
test_B_00000644,B,1,finfet_7nm,1,415.1060596483159,275.90046156065125,9.20702081943951,4.38547478914017,416.14289696514606,275.96243657916784,9.203672990540973,4.313515055326998,0.49030622839927673,0.6258597373962402,0.49030622839927673,0.16411343363125827,0.5498994588851929,562.4616235786345,20403.711777654848,3,3,1.0878219820001505
test_B_00000647,B,4,finfet_7nm,1,130.5268579766224,131.8145789960633,8.974656395511678,-1.8727120136604736,131.07313925027847,131.47815211303532,8.548554087896326,-2.231329102846134,0.27716487646102905,0.8531718850135803,0.27716487646102905,0.37180754107438185,0.3453228175640106,194.8470069038719,11326.738561674947,3,3,0.7748943399997188
test_B_00000650,B,3,finfet_45nm,1,647.5909231367725,577.5483162087686,10.517145507799276,-3.1903712779164306,645.7953086346388,578.0664722025394,10.439306369445598,-2.949289777852443,0.3539091944694519,0.81571364402771,0.3539091944694519,0.09325562292497905,0.35390931367874146,627.3388893272892,15374.001585310592,3,3,1.145251671999631
test_B_00000653,B,2,dram_compact,1,231.88669202333307,875.6809166780905,10.414845504573275,-3.082242370148716,230.31279799342155,876.101729311049,10.228703910553294,-3.9985018348305434,0.6327714920043945,0.832859456539154,0.6327714920043945,0.05318852602324916,0.6822251081466675,1045.3279463377967,22158.392038445647,3,3,0.7502539219999562
test_B_00000656,B,1,finfet_28nm,1,44.90559235917493,695.8150309543944,9.209700711593628,0.2006747739579273,32.87575416116788,68.22981397487743,11.765598977617326,0.3064987259955696,0.0,0.2061343938112259,0.0,0.8853966600510574,0.5263646245002747,103.17069420969246,5739.841003410342,3,3,0.8501917799999319
test_B_00000659,B,4,finfet_22nm,1,399.8164770266121,624.4061026080028,9.490522342374982,0.4515550621143527,399.5730005800724,624.4750270247459,9.487973691221015,-0.15438232132761315,0.3725747764110565,0.8469223976135254,0.3725747764110565,0.11495272362587093,0.3918856680393219,356.176346546662,17162.6590030148,3,3,0.7354044789999534
test_B_00000662,B,3,finfet_7nm,1,367.03525278282456,136.0622557262331,9.75906208296846,-2.673998574719685,366.0203655362129,136.0273141860962,9.570977994134365,-2.702832395824571,0.33854585886001587,0.6485274434089661,0.33854585886001587,0.6108497920818787,0.35903844237327576,114.79787329257537,6892.430339362591,3,3,0.7554577179998887
test_B_00000665,B,2,finfet_14nm,1,919.0715599519,70.94026879061812,8.269449176164994,-0.7455999398188151,920.1204319447279,70.97685707174242,8.04260050042272,-1.0194530711667085,0.5583662390708923,0.8949018716812134,0.5583662390708923,0.0384115923231989,0.5583654046058655,1016.4651738473369,15628.53046161193,3,3,0.6545815769995897
test_B_00000668,B,1,dram_loose,1,400.4155857201904,381.7390963377796,9.04328032978455,-0.8285913184771747,400.3881722614169,381.72567531466484,9.053783087409418,-0.7368414979990465,0.8589725494384766,0.9166318774223328,0.8589725494384766,0.030810096962447193,0.858972430229187,2247.562834234593,17488.868409931165,3,3,0.6583042510001178
test_B_00000671,B,4,dram_dense,1,230.44905456728168,736.5534049880878,10.00363539494315,-2.977844262626278,233.46112209558487,736.6376584172249,10.01436606406401,-2.7899269264824884,0.3800434172153473,0.40920478105545044,0.3800434172153473,0.6493102940476019,0.42107197642326355,136.0714885604119,7730.7572823223745,3,3,0.5683117749999838
test_B_00000674,B,3,dram_1x,1,639.5848953635845,512.7348957987884,9.689656138105503,-1.108029102334398,638.0202640593052,512.7539627403021,9.673358960994,-1.1336985401729618,0.5488784909248352,0.8930661678314209,0.5488784909248352,0.07694353642528373,0.5488789081573486,812.9410488041347,20955.25147174332,3,3,0.8526853289999963
test_B_00000677,B,2,finfet_28nm,1,206.2608597447352,443.5598701482925,9.241693645211503,-4.634537534138923,206.32911559939384,443.37564849853516,9.261096437645865,-4.771204268995037,0.46424704790115356,0.6219188570976257,0.46424704790115356,0.17600436867043312,0.4952346682548523,316.24700952480896,17978.741097127353,3,3,0.753100244000052
test_B_00000680,B,1,dram_legacy,1,583.6479335268447,214.005270308122,9.446693912275151,-4.435657910411423,583.7748159021139,213.9622613415122,9.470796616405021,-4.36036151501219,0.8408272862434387,0.940313994884491,0.8408272862434387,0.03659753838319087,0.8408262133598328,1850.0506736678956,24619.12368448052,3,3,0.6081599009999081
test_B_00000683,B,4,finfet_45nm,1,554.8995451215189,518.7978095560601,10.89981763233276,3.5337841539914265,62.522562593221664,219.669556081295,11.668412159785108,1.9825453903114343,0.09358945488929749,0.14239811897277832,0.09358945488929749,0.9457957869340204,0.1260823905467987,34.48555700615219,770.2669944689005,3,3,0.6776512120000007
test_B_00000686,B,3,finfet_45nm,1,131.8697251603732,941.6239037426552,8.839997417500879,-0.5799791625814708,133.3084292113781,941.3483973741531,8.77258087351188,-0.7193006746704801,0.5140820741653442,0.835212767124176,0.5140820741653442,0.06252589197751016,0.5140815377235413,1104.838180269503,19248.077943736585,3,3,0.5466607270000168
test_B_00000689,B,2,dram_wide,1,328.53637541042707,475.8176224631925,9.133270440280274,2.8809764547884065,329.05589547008276,475.8046887218952,9.174797285422446,3.08493790367449,0.6841381192207336,0.8385611176490784,0.6841381192207336,0.06961007685062487,0.6841365098953247,1091.4803654367424,17082.19155201599,3,3,0.687221473000136
test_B_00000692,B,1,finfet_7nm,1,815.5336942553079,675.4912292766212,8.744322546452109,-4.00418879194333,814.8009127378464,675.4887720635161,8.862482240427614,-4.06346329499341,0.47684264183044434,0.47684264183044434,0.8868005275726318,0.0575983337129123,0.9041153192520142,721.030578836238,27562.241203769427,2,2,0.468255051000142
test_B_00000695,B,4,dram_wide,1,618.9042670890273,337.2381435729644,11.256165328081073,0.8553308781172584,622.1873267292976,337.37484535574913,11.36518544583999,0.22378940116979315,0.4939602315425873,0.8438464403152466,0.4939602315425873,0.41740838744757686,0.5043397545814514,241.88285488208552,19182.542387699734,2,2,0.5101907510002093
test_B_00000710,B,3,finfet_45nm,1,786.2592221749383,908.954692058504,8.790950775730753,3.0996298501299098,789.0602911747992,909.032267626375,8.680775487633303,3.2808574908348054,0.6363571286201477,0.8194743394851685,0.6363571286201477,0.3099123627904663,0.6317154169082642,295.42349774765296,14329.685467668676,2,2,0.47939933699990434
test_B_00000713,B,2,dram_compact,1,469.3756013232378,438.0177696977876,8.538003473985711,-3.855422701199192,356.8692050278187,430.4734956417233,8.582278083597798,-3.90758280849634,0.39230963587760925,0.39230963587760925,0.7851298451423645,0.8550294304948742,0.8124815821647644,120.48319321782911,8775.508272392724,2,2,0.48987669999996797
test_B_00000716,B,1,dram_loose,1,444.85896129012025,763.0039428485038,9.590959676452238,3.410383312287508,444.88156251609325,762.9941837117076,9.6292953463745,3.3044283126521417,0.8909499049186707,0.9501481652259827,0.8909499049186707,0.08753861386610656,0.8909509181976318,1403.475854407248,24422.704610877114,2,2,0.4734568339999896
test_B_00000719,B,4,finfet_45nm,1,274.4656377243981,209.5307951720696,10.626078043270518,-4.135432807675786,274.1246979534626,209.1363655924797,10.664251578484883,-4.4398809351579605,0.26683658361434937,0.797522783279419,0.26683658361434937,0.37630599574954415,0.26683759689331055,158.00986182979494,11159.730323563892,3,3,0.6390571729998555
test_B_00000698,B,3,finfet_14nm,1,104.92822053687632,281.7335050089269,10.172061751100038,1.5117645603425514,103.77023348212242,281.73762018978596,10.042561459368088,1.2795663669996915,0.4930601716041565,0.4930601716041565,0.5950080752372742,0.1947532523784247,0.6841561794281006,545.6944646389564,15651.629661688346,3,3,0.6037233369997921
test_B_00000701,B,2,dram_loose,1,428.7867629824386,199.2141648673143,8.303943629707698,4.786617750602369,431.7192634642124,199.24165153503418,8.34132923903396,4.801766660733415,0.7431173920631409,0.9360458254814148,0.7431173920631409,0.07710151167426535,0.7431163191795349,891.0802008355403,16229.147981686287,3,3,0.6466011379998235
test_B_00000704,B,1,finfet_22nm,1,416.2777152666769,237.5611870951435,11.77336017557246,-3.54834601457858,415.18076649308205,237.64544087648392,11.807590580583776,-3.8860708620043183,0.8006237745285034,0.9263272285461426,0.8006237745285034,0.056637068926244524,0.8006234169006348,1144.4353755666582,34610.95608502281,3,3,0.6462732810000489
test_B_00000707,B,4,finfet_14nm,1,357.872212138402,848.9701963140159,11.482429107935584,3.275370236125182,357.3674766123295,849.0449516475201,11.3633255612459,3.712845055494911,0.2441912740468979,0.698438823223114,0.2441912740468979,0.31323719205018596,0.2797737121582031,189.87706977545818,11977.45646290447,3,3,0.699047588999747
test_B_00000722,B,3,finfet_10nm,1,111.58231386418214,366.2190284622224,10.222864242617929,1.2471720267024224,110.31630182266235,366.1857470870018,10.102271685668715,1.109958014832226,0.32158949971199036,0.32158949971199036,0.6492615342140198,0.3674491251907999,0.6785953044891357,200.5641694096885,17229.345263914507,2,2,0.4030027569997401
test_B_00000725,B,2,dram_wide,1,832.6533590293309,578.6714338773854,11.957264007476455,-4.095041920213296,833.4784582648426,578.6263025254011,11.953696537094585,-4.089530150840973,0.7947708368301392,0.9303821921348572,0.7947708368301392,0.2570611138043194,0.7947703003883362,492.3026528168643,33099.89058427617,1,1,0.29892756999970516
test_B_00000728,B,1,finfet_10nm,1,450.5069380010016,594.1615316233109,10.754685388517078,-1.5178166866339016,451.5318634994328,594.2274461090565,10.803253537491955,-1.3240884251531932,0.8311739563941956,0.9300875067710876,0.8311739563941956,0.04525717352913262,0.8311740159988403,1548.3067096540638,30901.157917715267,3,3,0.6200842379998903
test_B_00000731,B,4,finfet_22nm,1,79.9996562473545,914.03076300633,11.10170776620533,-0.1526759939283284,82.38555256277323,913.8685111105442,11.557112660952093,-0.14369966182518756,0.3484552204608917,0.5830690264701843,0.3484552204608917,0.6291898356977288,0.3544265627861023,64.04874709268658,3202.160183387387,3,3,0.6163034660003177
test_B_00000746,B,3,dram_wide,1,736.0015944103529,298.2853557118143,10.612375083358495,-2.2366002223145487,738.8990372121334,298.53422901779413,10.622415817345308,-2.5344174158341044,0.5127488970756531,0.8958317637443542,0.5127488970756531,0.10182696263357757,0.512749969959259,657.5381195881149,25244.099959053223,3,3,0.694467080999857
test_B_00000749,B,2,finfet_10nm,1,915.1287721734808,191.5536894140128,8.797508055473589,-2.32379109171157,914.7961227893829,191.624769449234,8.929703728128045,-2.2662525839979817,0.3376334011554718,0.394954651594162,0.3376334011554718,0.9305194899761773,0.5025717616081238,135.2252222093264,9573.896885372853,3,3,0.6391065350003373
test_B_00000752,B,1,dram_1x,1,232.7857497781538,240.28055533350263,11.766093739440077,0.9638678363338772,232.92939999699593,240.28644233942032,11.82729685274677,1.086266365320547,0.9211947917938232,0.9325413107872009,0.9211947917938232,0.026407586820625835,0.9211933612823486,2247.538658360577,38954.31875653499,2,2,0.49155941600020014
test_B_00000755,B,4,finfet_28nm,1,292.24404363976623,502.4901203834405,9.782948602811064,-4.702866187203423,291.586753718555,503.08705282211304,9.70561182549462,-5.0,0.3341447710990906,0.7726582288742065,0.3341447710990906,0.2156540233497446,0.33414426445961,364.303556305171,16635.344742992245,3,3,0.6590636360001554
test_B_00000734,B,3,finfet_28nm,1,515.6631619899402,825.3110140297143,11.479359508369235,2.740157809539391,514.6312361359596,825.5537114478648,11.499790625052473,2.268883707497266,0.2714933753013611,0.7751477360725403,0.2714933753013611,0.131630002827413,0.2714925706386566,591.7595022716899,21194.307319880943,3,3,0.6621787899998708
test_B_00000737,B,2,finfet_10nm,1,276.8092037904336,864.5494577316472,8.033930390016138,4.023208098694113,277.65187308192253,864.6146057546139,8.0,3.820586029496537,0.67423415184021,0.67423415184021,0.8806480169296265,0.339508588928419,0.89385986328125,412.57566491906135,13627.245885215043,3,3,0.6263183989999561
test_B_00000740,B,1,finfet_45nm,1,547.6774644401443,82.81752718854352,8.874380103181212,-1.8049593391458831,548.1055598631501,82.87911157310009,8.931538283446686,-1.7011876031679423,0.7804006934165955,0.887199878692627,0.7804006934165955,0.16471180156004026,0.7804001569747925,632.2913812201962,14768.25149642547,3,3,0.6680018629999722
test_B_00000743,B,4,dram_loose,1,502.2608731112559,930.7277842602806,8.897982583886584,0.0319819230980575,502.8233480453491,930.8924832940102,8.695878457409133,-0.05871288232164038,0.3960138261318207,0.6665055751800537,0.3960138261318207,0.3500761439614069,0.4031906723976135,249.0813202357949,9435.241305892809,3,3,0.6666845889999422
test_B_00000758,B,3,finfet_45nm,1,54.65570214870678,867.683451066397,11.001774711465306,4.100038431174248,947.1818961203098,485.7276169359684,9.417460644933257,4.303209140682314,0.15715083479881287,0.15715083479881287,0.30752432346343994,0.6087103864950967,0.4317811131477356,154.9966407703802,8980.811707058283,3,3,0.6654202800000348
test_B_00000761,B,2,finfet_45nm,1,345.3257226643303,425.905594634325,11.172958731312631,-3.874064114085689,345.21122628450394,425.9268898367882,11.193578133322157,-3.8609414611703543,0.5367100238800049,0.7660919427871704,0.5367100238800049,0.38139033322466775,0.5551176071166992,225.7568130482258,21019.526149550173,3,3,0.6641119900000376
test_B_00000764,B,1,finfet_7nm,1,311.1118103286242,472.4610979758799,10.136013384609011,2.167647446372282,895.6088794469833,151.13834641873837,10.13288023417011,2.2535599249992986,0.27633073925971985,0.27633073925971985,0.8826908469200134,0.8388865395522772,0.8948531150817871,118.44199998977454,9740.48031738967,1,1,0.27045733400018435
test_B_00000767,B,4,finfet_14nm,1,763.6460530805189,648.5145183824234,10.785610380665425,-2.0952345521887428,639.53361511603,684.5960551723838,10.760019718669037,-1.683281572999748,0.15060554444789886,0.22325927019119263,0.15060554444789886,1.0,0.22039751708507538,28.90185520247827,705.2779129163011,3,3,0.6503584920001231
test_B_00000782,B,3,dram_loose,1,423.96132229003456,607.0677683208232,10.422816120019732,-2.4886730899016785,910.8418238312006,839.3315080404282,10.181129493129651,-2.510676890493368,0.27007049322128296,0.27007049322128296,0.42023444175720215,0.8115676101090458,0.46080389618873596,42.77026551518955,1588.6139961557471,3,3,0.7024082620000627
test_B_00000785,B,2,finfet_14nm,1,919.8065695094642,301.09784947381604,8.704034073160859,-3.064232661294527,920.6572985500097,301.20884931087494,8.911176674200316,-3.098703107155829,0.36588093638420105,0.36588093638420105,0.42257362604141235,0.3455053532533019,0.5776700377464294,197.91131994400072,12355.550562648203,2,2,0.5324871530001474
test_B_00000788,B,1,dram_loose,1,442.9498800190989,272.52034517746955,8.993031076438523,-0.4028164274529917,444.4298430085182,272.57679150253534,9.012010712584996,-0.558560485825412,0.817396879196167,0.950251042842865,0.817396879196167,0.02853107031006989,0.8173975348472595,1270.752977242774,23872.070147986953,2,2,0.49694195200027025
test_B_00000791,B,4,dram_compact,1,447.6947532055595,758.0302035031877,10.367181232566988,0.527343315471084,446.36915804445744,758.1571848988533,10.417682553298064,0.0765326988498352,0.45496809482574463,0.8568752408027649,0.45496809482574463,0.045024801263997216,0.4549682140350342,921.6915597526271,25270.914142687594,1,1,0.3012449920001927
test_B_00000770,B,3,finfet_28nm,1,237.39388449072044,180.41654806066103,10.417378739130246,-4.012991092977131,238.31259705126286,180.33876752853394,10.2539324310637,-4.6589012547505115,0.539531409740448,0.9226494431495667,0.539531409740448,0.08577655567312331,0.539531946182251,702.9132361739491,27670.031323130635,3,3,0.7038617130001512
test_B_00000773,B,2,dram_dense,1,805.2888284868551,354.10707501199715,10.151655477083697,-0.2186851368430877,805.3720284700394,354.02041273750365,10.102976433397693,-0.24509430632747284,0.6920306086540222,0.8987364172935486,0.6920306086540222,0.028849446754424156,0.6946882605552673,1498.9225669641978,15679.056893557174,3,3,0.7682316780001202
test_B_00000776,B,1,finfet_10nm,1,197.5921556673827,659.7720298559267,9.261116056113565,-3.3805676174624,197.5657587274909,659.7608954906464,9.293524914661512,-3.775382433492836,0.8194440603256226,0.9413965940475464,0.8194440603256226,0.08611899577903376,0.8194432258605957,999.5666818281329,20551.71128198296,2,2,0.486832005999986
test_B_00000779,B,4,finfet_22nm,1,203.76415198875617,379.9996720622552,9.403458455932546,0.9464481062891306,200.20655903220177,380.06501477211714,9.276809932991902,0.02069531917276543,0.4332260489463806,0.5491143465042114,0.4332260489463806,0.29469702397040576,0.43322664499282837,163.69208022610835,11375.166307373764,3,3,0.7529865209999116
test_B_00000794,B,3,dram_1x,1,472.1424479574492,695.4393727858876,10.138299715708648,2.389342211738871,472.1174690499902,695.1334797888994,10.093247055394158,2.48121115965632,0.6173809766769409,0.8506743907928467,0.6173809766769409,0.03182259834116548,0.6173801422119141,1170.2209936112313,14880.799205954214,2,2,0.4988567749996946
test_B_00000797,B,2,dram_legacy,1,415.8761968133186,585.3499116718112,10.111609070449198,3.4568618220362737,414.3589584827423,585.1882373839617,10.122261469789827,3.4787497396804348,0.6484124064445496,0.895061731338501,0.6484124064445496,0.06615521084471337,0.6484125256538391,1185.5099908006578,29542.636827118775,1,1,0.34581911299983403
test_B_00000800,B,1,dram_dense,1,902.0047638888906,232.39429457349712,10.659294472657033,3.145123360870615,902.486446720548,232.39650464057922,10.554291135936,2.9596561063442977,0.7892034649848938,0.96651291847229,0.7892034649848938,0.02057734012478018,0.789204478263855,1957.4588690082494,32492.102320369526,3,3,0.6496531500001765
test_B_00000803,B,4,finfet_45nm,1,132.48498321984647,82.61165899093328,9.67168452191089,1.9438995316619128,94.10911583900452,84.52142382785678,9.708920779072573,1.3733839720146932,0.35605114698410034,0.5642111301422119,0.35605114698410034,0.5670478809603997,0.38881081342697144,117.65246736783526,6299.352721911987,3,3,0.7092799570000352
test_B_00000806,B,3,dram_loose,1,608.7651467262971,276.54824587646834,11.62199451740205,-3.647255780895071,608.0143263963982,276.7093814909458,11.607841201600781,-3.543443744661788,0.6384490132331848,0.8725094795227051,0.6384490132331848,0.041734091197872976,0.6384483575820923,1244.3199028375816,35479.98402879087,3,3,0.7493906780000543
test_B_00000809,B,2,dram_1x,1,788.9554195740831,515.246144872523,11.792119095348207,-1.9913333282624288,787.8965679258108,515.1863086074591,11.820485655774787,-1.9533097768449559,0.6896374225616455,0.8944442272186279,0.6896374225616455,0.02031055581448412,0.6896374225616455,1265.9616343294426,33321.45759936953,3,3,0.7250001919996976
test_B_00000812,B,1,dram_wide,1,861.6666019270701,655.2160478542421,11.982658496612224,1.094196904550926,862.0470416247845,655.270070746541,12.0,0.9320910853272767,0.837541937828064,0.8758467435836792,0.837541937828064,0.3336627474518979,0.8394581079483032,462.37316926417526,23818.330483777358,2,2,0.49312475699980496
test_B_00000815,B,4,dram_compact,1,571.996085453483,393.5201855728836,8.54117136516724,1.7442772398562116,567.0085314549506,242.66596046090126,8.547277574790806,0.7826662180057762,0.2540566325187683,0.2540566325187683,0.29183459281921387,0.7942293981061679,0.31278756260871887,58.18030662944113,2161.878214936918,3,3,0.6161973109997234
test_B_00000830,B,3,dram_dense,1,280.7343605951215,471.2646930537572,10.82428121765817,0.6409279278790816,281.1999467611313,471.2233516871929,10.896220458164725,0.513161386505482,0.49882128834724426,0.8152849674224854,0.49882128834724426,0.4382207265101608,0.5359466671943665,293.69434455319146,17919.008863532275,2,2,0.4922759300002326
test_B_00000833,B,2,finfet_14nm,1,457.4649188306533,253.945767486722,10.479010365675627,2.588193660853788,456.90166687965393,253.91148072481155,10.449740044530259,2.6687974938572654,0.4868122637271881,0.9140948057174683,0.4868122637271881,0.04950691156331463,0.5398811101913452,1022.8983548387109,23764.386430976145,3,3,0.7317578020001747
test_B_00000836,B,1,dram_loose,1,876.4510705698722,359.39479738099936,11.710966833896144,-2.0292500211113005,876.359849601984,359.4336981102824,11.880481303008432,-2.1345151674922187,0.7875136733055115,0.8243646621704102,0.7875136733055115,0.027712270844154792,0.8115257024765015,1533.2554104463563,27925.07202818032,3,3,0.5792003159999695
test_B_00000839,B,4,dram_wide,1,892.0382534287589,404.8916414997344,8.287873280221568,-3.674250276919203,893.8487264513969,404.6236240416765,8.242579022696127,-3.7207010881818228,0.46085330843925476,0.901935875415802,0.46085330843925476,0.023107613346256963,0.4608537554740906,1146.8304067404777,13444.675509172352,3,3,0.6569317610001235
test_B_00000818,B,3,finfet_22nm,1,132.35516097627396,631.8644058973504,8.416319855046588,3.7640749884308775,128.91857685148716,631.8933296352625,8.316699149044291,3.42230277401845,0.6258037090301514,0.9339503049850464,0.6258037090301514,0.04961738834032821,0.6258028149604797,1177.5555476328257,15438.28153776359,3,3,0.7022903039996891
test_B_00000821,B,2,dram_legacy,1,897.5108005546379,924.8974561953772,10.1937860287228,-2.3658381948003218,897.7438593506813,925.1352400928736,10.075350087303045,-2.436323894663189,0.5995751619338989,0.8973802328109741,0.5995751619338989,0.04993851267526603,0.5995755791664124,1210.883847034905,19886.22574200313,3,3,0.6277744569997594
test_B_00000824,B,1,dram_legacy,1,745.125316602138,355.73603698158865,9.316616972091314,-2.3190089649907386,745.3594894856215,355.6620820015669,9.291957169529567,-2.379767639324977,0.8320534229278564,0.8320534229278564,0.832227349281311,0.03738651578060595,0.8322259187698364,1197.7378741352184,14669.40588937606,3,3,0.618268394000097
test_B_00000827,B,4,finfet_7nm,1,67.99425395758482,515.0614864588717,10.364980027204844,1.817751178913969,65.45074173808098,515.3654619902372,10.243608402199634,0.930860375339334,0.3263084292411804,0.8348755240440369,0.3263084292411804,0.17790119960273829,0.32630863785743713,299.4858316779994,14154.499661113789,3,3,0.6154679320002288
test_B_00000842,B,3,dram_dense,1,653.6238195148924,552.5848598858165,10.639582902903992,0.4410856518974162,653.7886840105057,552.541864387691,10.64064830409423,0.28720382033414654,0.5581814050674438,0.8114211559295654,0.5581814050674438,0.7132073220861699,0.5581798553466797,238.45012748438378,16422.59619304567,3,3,0.6049822539998786
test_B_00000845,B,2,dram_legacy,1,247.5297826848964,705.8399463129649,9.854109341742312,1.275357459154911,245.40414840728045,705.8070552647114,9.903116108269694,1.3212617983376798,0.7302742004394531,0.9315274953842163,0.7302742004394531,0.03939775523312054,0.7302739024162292,1412.9698253375543,28594.862345626912,3,3,0.69382053299978
test_B_00000848,B,1,finfet_14nm,1,234.8416406736777,152.08668596429737,11.2026325443436,-1.0926703699629543,234.97959983721375,151.91404561698437,11.136138134363184,-1.096034645845601,0.8430489301681519,0.8967835307121277,0.8430489301681519,0.08435738326550256,0.8430489897727966,953.0944765136694,24883.510229037653,2,2,0.4628705609998178
test_B_00000851,B,4,dram_legacy,1,929.2448036897642,787.5873430654364,10.541247877430756,-2.515169088422144,927.9459809064865,787.3922102153301,10.661443850866148,-2.147158950661844,0.42167776823043823,0.8460689783096313,0.42167776823043823,0.5187120430031472,0.45639297366142273,212.11703994520482,16850.794871503975,1,1,0.27570756299974164
test_B_00000866,B,3,dram_loose,1,562.5348734450376,154.2406252055976,9.219990631059543,0.0192342260104485,565.8357160389423,154.64844807982445,9.347120961716056,-0.20309408199702766,0.43140852451324463,0.8458619713783264,0.43140852451324463,0.1544001642143386,0.4314076602458954,446.4710660064508,18998.912130479966,2,2,0.5064942770000016
test_B_00000869,B,2,finfet_22nm,1,550.4324020963516,182.43119116535456,8.873385618853503,4.366432169729201,549.1398134678602,182.64186921715736,8.88961741424454,4.114934137743811,0.5185388326644897,0.5185388326644897,0.7055298686027527,0.38708340507961364,0.7096158862113953,381.9274192312198,15582.307665698192,2,2,0.4839808729998367
test_B_00000872,B,1,finfet_28nm,1,520.4666178776718,873.9183772623451,10.105632128111406,1.2902935074634063,520.5771996080875,873.5571544058621,10.278085052069539,1.178841722329492,0.8690258264541626,0.8909645080566406,0.8690258264541626,0.13578774990794695,0.8690270185470581,843.1744480302345,32641.492899287852,3,3,0.6353377010000258
test_C_00000000,C,1,finfet_7nm,0,-1.0,-1.0,9.165239592049444,2.2790489170019192,62.90415867796357,36.59956671974801,11.915161202272436,1.6333275643242762,0.0,0.01720334216952324,0.0,0.8710907479817505,0.3798169195652008,30.410504981012092,536.8883763831013,3,3,0.6622962520000328
test_B_00000854,B,3,dram_dense,1,928.8671863610898,822.6585365979258,9.521806541109877,-4.462259481583133,930.5668705999851,822.7380422353745,9.325593513133517,-5.0,0.6240754723548889,0.7722341418266296,0.6240754723548889,0.4167297715742564,0.6467970013618469,355.2597204063569,18203.987662318286,2,2,0.4928700340001342
test_B_00000857,B,2,dram_loose,1,514.0150106045774,738.0810884716816,9.06106496689178,2.8185862325782924,514.9934658911079,738.0721322372556,9.064982825365915,2.546951909327501,0.7967735528945923,0.8658408522605896,0.7967735528945923,0.022388663305338095,0.7967728972434998,1289.1182765976391,11227.462338804935,3,3,0.7133358020000742
test_B_00000860,B,1,finfet_28nm,1,361.6442519744089,107.1682055017962,9.781424478830626,3.569411975040653,362.45370584726334,107.22425158321857,9.837840923085093,3.4317316474967057,0.7922154068946838,0.9537063241004944,0.7922154068946838,0.3120670887483339,0.7922148108482361,505.4112113012763,27393.836614680004,3,3,0.6539367230002426
test_B_00000863,B,4,dram_dense,1,122.07072767248962,820.5442790720208,8.015788550662764,4.328260533261997,122.15744598209858,820.952620793134,8.065293880099627,3.7334914988386187,0.488372802734375,0.8869208097457886,0.488372802734375,0.037849913696596155,0.4883723855018616,1218.3842434831886,11492.7117737383,3,3,0.6520232950001628
test_C_00000003,C,4,finfet_7nm,0,-1.0,-1.0,9.366205948870252,1.9256905130599515,984.2616796691536,939.3443368618714,9.330153047631072,2.4259949039822786,0.0,0.020977750420570374,0.0,0.6313256814034449,0.5383425354957581,37.32473747966845,988.6166556161774,3,3,0.6342816870001116
test_C_00000006,C,3,dram_1x,0,-1.0,-1.0,11.535096788557286,3.278105651838107,54.5,905.2218315303326,8.806056345378199,3.2295634824951627,0.023287272080779076,0.023287272080779076,0.19380375742912292,0.8999759163523968,0.34344980120658875,26.956732658453443,414.6208848475254,3,3,0.6451331969997227
test_C_00000009,C,2,finfet_22nm,0,-1.0,-1.0,11.28636859211636,-0.0539094893168803,39.85878655913135,583.1893857429739,8.122699750146968,-0.6459713474939014,0.0,0.011641528457403183,0.0,0.9741672717335269,0.6036908626556396,13.14136832047469,110.67470579104972,3,3,0.6722973060000186
test_C_00000012,C,1,dram_loose,0,-1.0,-1.0,10.580784438187637,2.479976730563436,977.4835551484401,529.3448217129696,10.80459473304229,3.618003781826309,0.0,0.014739223755896091,0.0,0.6816813166031019,0.5243328213691711,28.442475537295703,457.5630013103518,3,3,0.6221899400002258
test_C_00000015,C,4,dram_dense,0,-1.0,-1.0,10.319047330463793,-2.1681583160132045,548.6784786581993,766.1972756683826,8.2737140942826,-1.7668794770100662,0.1170637309551239,0.1170637309551239,0.3966624438762665,0.8062751033793982,0.4045944809913635,52.52144786002542,1780.6564930351146,2,2,0.5295587579998937
test_C_00000018,C,3,dram_1x,0,-1.0,-1.0,11.522104531869164,4.509208450873544,617.0875055956722,964.8936705660844,11.939987308180076,4.085498613830347,0.0,0.0186567772179842,0.0,0.8562056116436829,0.7982659935951233,45.80966162545159,1389.8444991464696,2,2,0.48597102299982
test_C_00000021,C,2,finfet_14nm,0,-1.0,-1.0,9.788655718401197,4.479676173358184,70.63979625701904,930.278816267848,9.946483344018091,4.532091085327276,0.01933751069009304,0.01933751069009304,0.2123304307460785,0.9435390787311615,0.6110367178916931,40.01705406447902,1179.9135459276338,3,3,0.6786697289999211
test_C_00000024,C,1,dram_compact,0,-1.0,-1.0,10.545799730456558,0.7947132513007489,946.5647354491089,30.334019986540067,10.53786698152407,0.5111025111801681,0.0,0.012008911930024624,0.0,0.9828237234392943,0.5789827108383179,29.830148991184736,592.7009976536016,3,3,0.6071064729999307
test_C_00000027,C,4,finfet_22nm,0,-1.0,-1.0,11.302053006187371,-3.949249567075687,277.2212171256542,111.67232677340508,11.128449685803005,-3.781107638989149,0.10506146401166916,0.17203819751739502,0.10506146401166916,0.6573893609236946,0.16815635561943054,68.12512405888211,3376.749962349427,3,3,0.6935538430002453
test_C_00000030,C,3,finfet_22nm,0,-1.0,-1.0,8.722308730873525,-0.9042559257661402,246.72477841377258,156.31210052967072,10.755163629989095,-0.9132591381635963,0.2567537724971771,0.2818361520767212,0.2567537724971771,0.9423542844912873,0.3213804066181183,50.85242039894083,1962.2835041604894,3,3,0.7128901780001797
test_C_00000033,C,2,finfet_28nm,0,-1.0,-1.0,8.983457884477453,2.145033901084888,883.6390580385923,88.77681791782379,12.0,1.7462819094954152,0.3039272427558899,0.3039272427558899,0.48370692133903503,0.40424663167847047,0.5952255129814148,221.81813671894986,17298.101325468142,3,3,0.571177058000103
test_C_00000036,C,1,dram_legacy,0,-1.0,-1.0,10.907806542849627,4.792324743664967,887.2492584586143,205.52453204989433,8.894603889222847,4.758228455266949,0.06807386875152588,0.06807386875152588,0.855018138885498,0.7280061663266467,0.8716694712638855,66.9596614130085,2743.6098308081523,2,2,0.46667101499997443
test_C_00000039,C,4,dram_wide,0,-1.0,-1.0,11.409775693877569,-2.2732181463384804,853.8439512997866,61.094696037471294,8.940375873366358,-1.8828674903310618,0.01596760004758835,0.01596760004758835,0.14345073699951172,0.8239037088190898,0.5199752449989319,24.387937618507706,354.6853067568786,3,3,0.6457903110003826
test_C_00000042,C,3,finfet_45nm,0,-1.0,-1.0,11.49983061157733,4.24897901377504,97.87033875286579,386.843756750226,8.0,4.123637004673564,0.2769305408000946,0.2769305408000946,0.5679157972335815,0.7099016524205609,0.6131880283355713,75.04657090492404,4057.2649321245344,3,3,0.6186054700001478
test_C_00000045,C,2,finfet_7nm,0,-1.0,-1.0,8.69864829541877,2.178614096267796,662.4577338583767,73.41646578162909,10.427145325396644,1.923527714997336,0.06229342520236969,0.06229342520236969,0.8391822576522827,0.7710621917639789,0.8391815423965454,91.60288641400115,5275.409320677147,2,2,0.4745709759999954
test_C_00000048,C,1,finfet_22nm,0,-1.0,-1.0,11.599727974504678,-2.368778806611113,558.6425295770168,116.5,11.854442320471266,-2.2190505265161367,0.01743265800178051,0.01743265800178051,0.05657924339175224,1.0,0.862824022769928,25.815092921414703,400.2326185178783,3,3,0.6437508419999176
test_C_00000051,C,4,finfet_22nm,0,-1.0,-1.0,10.294530258448653,0.9034165727800064,458.3237678706646,435.24282900989056,10.314201941342715,0.10711984999859794,0.11677788197994232,0.3954419791698456,0.11677788197994232,0.5886481635043811,0.1520134061574936,26.335676631355973,520.3240982948553,3,3,0.6595603649998338
test_C_00000054,C,3,dram_legacy,0,-1.0,-1.0,11.702344053281342,3.727108980234256,20.55212353109779,231.31603150669523,9.371575338947196,3.3167184270002528,0.0,0.050725970417261124,0.0,0.8606307616506822,0.5208099484443665,53.52682404041571,1741.3703627499935,3,3,0.6452722549997816
test_C_00000057,C,2,dram_wide,0,-1.0,-1.0,11.163141578587569,-3.852279396051153,250.5785862505436,938.0,8.0,-3.9135754691741678,0.013979463838040829,0.013979463838040829,0.22868375480175018,0.946705653138321,0.37237516045570374,19.659052352201176,225.26124165472876,3,3,0.6227733989999251
test_C_00000060,C,1,finfet_10nm,0,-1.0,-1.0,11.979801041435676,-3.6066879069018185,527.9743526279926,533.0812950208783,8.294374276864522,1.1079853531469122,0.012808667495846748,0.012808667495846748,0.24427899718284607,0.6682932454565853,0.24427956342697144,17.30654627396145,175.7328904416935,3,3,0.71525209299989
test_C_00000063,C,4,finfet_10nm,0,-1.0,-1.0,10.756385039277754,3.0800949763323704,80.18411605258629,987.550149809738,10.692640017238944,2.8588221719978693,0.0,0.08824826031923294,0.0,0.3996457084105247,0.7332708835601807,129.97908666722228,8422.867422325182,3,3,0.6627837099999851
test_C_00000066,C,3,finfet_10nm,0,-1.0,-1.0,9.885530804779847,1.7141426820020076,43.0,770.9012014940381,11.438931708040197,1.6448499271821868,0.16043202579021454,0.16043202579021454,0.40871018171310425,0.7067336552542904,0.5710933804512024,111.76578488461794,7594.506318529532,3,3,0.6743575880000208
test_C_00000069,C,2,finfet_22nm,0,-1.0,-1.0,9.16040542773976,-0.0943327416077552,972.5192702986783,109.26722917311078,8.78343113935585,-0.9246722113452783,0.0,0.021256662905216217,0.0,1.0,0.444529265165329,22.648743895548396,323.5823780227338,3,3,0.6580069920000824
test_C_00000072,C,1,finfet_45nm,0,-1.0,-1.0,10.095661841637558,1.41176652594699,897.7508281373101,24.47126525851311,9.663671930842641,0.5247584249852787,0.0,0.01908138580620289,0.0,0.6924474931817789,0.7781542539596558,52.53784372148909,2161.2704388211873,1,1,0.282407701000011
test_C_00000075,C,4,dram_compact,0,-1.0,-1.0,9.069592185990471,-0.2863888796917315,196.07388620276012,954.2343185591398,9.346162944896875,1.3508252808328425,0.0,0.04375169053673744,0.0,0.7483929718621603,0.6409444212913513,64.65269743805582,2431.950608616811,3,3,0.6795097529998202
test_C_00000078,C,3,finfet_22nm,0,-1.0,-1.0,9.188474120772833,1.9593921654620916,808.9382223077118,604.757873877883,8.0,1.541908241681388,0.09376715123653412,0.09376715123653412,0.334124892950058,0.48278483782635717,0.3341255187988281,107.76809076562837,5703.7622925661435,3,3,0.6681770200002575
test_C_00000081,C,2,finfet_45nm,0,-1.0,-1.0,9.571739657043535,-2.409302191982833,56.9435752928257,221.04744949564338,9.901581143900584,-2.242011762348559,0.14499005675315857,0.14499005675315857,0.6504893898963928,0.49517133296841825,0.7573291659355164,166.80061821235128,12150.818020556413,3,3,0.6981307000000925
test_C_00000084,C,1,finfet_45nm,0,-1.0,-1.0,8.981800444882634,0.0623204724477286,915.7289005522026,3.1527725439961642,8.795720894814313,5.0,0.0,0.04791521281003952,0.0,0.5046667965569032,0.46250757575035095,79.62668355216394,2733.7941950762374,3,3,0.6636924650001674
test_C_00000087,C,4,dram_wide,0,-1.0,-1.0,10.278592319487675,-0.2222718831558996,77.25910998880863,319.43862810358405,9.976137709724902,-0.39964633117848575,0.07005101442337036,0.33273831009864807,0.07005101442337036,0.7472646955689936,0.15329143404960632,41.25161770985525,1349.0073437295637,3,3,0.6560699189999468
test_C_00000090,C,3,dram_loose,0,-1.0,-1.0,9.224005422480207,1.785643103182819,66.42246479552831,974.0767167571111,8.446945932241954,2.698300562505258,0.0,0.02687804587185383,0.0,0.6434796685608862,0.8382830023765564,48.49403070988096,1503.6671630791723,3,3,0.6725400659997831
test_C_00000093,C,2,finfet_14nm,0,-1.0,-1.0,11.595067773030106,0.5271063375955745,746.4116461277008,793.7873437255621,9.62490576176644,-0.18875663034171747,0.009467567317187786,0.009467567317187786,0.23011010885238647,1.0,0.6265731453895569,15.346947182504655,134.51711343876713,3,3,0.716204297999866
test_C_00000096,C,1,finfet_45nm,0,-1.0,-1.0,11.635151339911808,1.9284471412525583,969.4176090175539,269.05609710358397,12.0,0.036896142837160806,0.0,0.060881856828927994,0.0,0.6881200456542186,0.4267418384552002,104.04491757047674,6603.49013205297,3,3,0.7271743070000412
test_C_00000099,C,4,dram_compact,0,-1.0,-1.0,9.100670546026654,1.7181886647597402,286.60169264674187,704.8034688085318,9.232571176374748,2.0840119866790046,0.21070165932178497,0.21070165932178497,0.300483375787735,0.6516804975746376,0.3004842698574066,85.47050229404638,4044.020913282587,3,3,0.682076054999925
test_C_00000102,C,3,dram_1x,0,-1.0,-1.0,11.372319076914897,3.307003223514103,540.6401526760178,957.84322590736,8.49736986196511,3.280894828645749,0.0,0.01856500841677189,0.0,0.6766778070822221,0.6797555088996887,38.3380792328466,982.7682377227866,3,3,0.6682807659999526
test_C_00000105,C,2,dram_dense,0,-1.0,-1.0,11.331109345675197,2.6230466710618945,543.7283724662224,32.91152481967656,8.48370698326478,2.8760466643158638,0.0,0.052200037986040115,0.0,0.25969721975792626,0.7260521054267883,92.51337042937821,4314.344248326648,3,3,0.6753244139999879
test_C_00000108,C,1,finfet_10nm,0,-1.0,-1.0,8.34955500985872,1.5674544923096343,982.4154607707895,840.3511934195204,12.0,1.2335834814876763,0.0,0.029030852019786835,0.0,0.7615371536435042,0.26785704493522644,40.8841568328113,1033.6023879861207,3,3,0.6850199799996517
test_C_00000111,C,4,finfet_28nm,0,-1.0,-1.0,9.348307767402332,2.0071404247393234,579.7743903696537,757.2351449131966,9.2395761421655,2.0995916863403714,0.2013075053691864,0.2013075053691864,0.27560925483703613,0.5385270222076021,0.30346959829330444,103.75753165583247,5062.713347861497,2,2,0.4852772690001075
test_C_00000114,C,3,finfet_28nm,0,-1.0,-1.0,9.590772174582586,0.5181372072951582,108.91537552326918,296.72482657432556,8.0,0.1422619105029022,0.22228176891803741,0.22228176891803741,0.28966984152793884,0.7780193130329756,0.2903144359588623,40.19229544674124,1308.6377485628582,3,3,0.6200354810002864
test_C_00000117,C,2,dram_wide,0,-1.0,-1.0,9.261514896909866,0.3886512621554061,389.5,718.8478304445744,9.612228903243498,0.013520824336053219,0.017458027228713036,0.017458027228713036,0.11091811954975128,0.8172758947868529,0.6591082215309143,28.15719699484205,495.2050011658056,3,3,0.6752083979999952
test_C_00000120,C,1,finfet_7nm,0,-1.0,-1.0,8.952443911800803,-2.7725970708687164,560.4496761678942,36.6844637475144,9.20302024337166,-2.5159506755100525,0.0,0.013368361629545689,0.0,1.0,0.7571272850036621,35.34715941882244,855.5888252474463,3,3,0.7045376410001154
test_C_00000123,C,4,dram_dense,0,-1.0,-1.0,10.894106953209429,-0.5659906605702067,661.6532308161259,49.284757286310196,11.113072376324407,-0.27466932684075007,0.09986995905637741,0.2626591920852661,0.09986995905637741,0.9881651534371603,0.17313441634178162,21.794015160884637,425.40412851114104,3,3,0.67445796300035
test_C_00000126,C,3,dram_compact,0,-1.0,-1.0,9.272955231300818,4.798293502099405,869.5470645315945,643.4777011405677,12.0,4.655137172921399,0.05419735610485077,0.05419735610485077,0.6056758165359497,0.5587257084789269,0.6480852961540222,56.14465679644103,1496.2678039530845,2,2,0.46514982000007876
test_C_00000129,C,2,dram_dense,0,-1.0,-1.0,11.158987490519657,-4.930741656947051,889.893359310925,59.37674871087074,12.0,-4.616331506002696,0.026700228452682495,0.026700228452682495,0.056756459176540375,0.8667352281644047,0.11534138768911362,34.972049132630374,539.185372222549,3,3,0.6804082319999907
test_C_00000132,C,1,dram_loose,0,-1.0,-1.0,10.745412353274338,-1.622841913101159,954.2684560274231,643.798259693087,9.41274379041224,-1.6060299984887698,0.0,0.038210462778806686,0.0,0.7061042349144875,0.810913622379303,41.6370544944967,886.7171469389098,3,3,0.7138627550002639
test_C_00000135,C,4,dram_loose,0,-1.0,-1.0,9.392469823107682,4.092880531684761,73.20885648875613,1005.2939887995993,10.83213293430722,3.5754428473400073,0.0,0.032566945999860764,0.0,0.5170170335054769,0.5643941164016724,54.31381234840746,1819.1998832828679,3,3,0.6926481689997672
test_C_00000138,C,3,dram_compact,0,-1.0,-1.0,8.52978450464254,1.188792588208579,957.5,775.952383607626,12.0,0.33322404365710484,0.023739267140626907,0.04924372211098671,0.023739267140626907,0.8899707014901018,0.12002426385879517,32.112497838382495,686.2769678666618,3,3,0.6596470120002778
test_C_00000141,C,2,finfet_7nm,0,-1.0,-1.0,9.978870189814284,-1.9448967466918436,958.5,45.5,11.945085984928856,-1.438808390675303,0.1516062617301941,0.16528643667697906,0.1516062617301941,0.5742724720152071,0.445200651884079,176.73592286495108,15088.213352969049,3,3,0.653138504999788
test_C_00000144,C,1,finfet_14nm,0,-1.0,-1.0,10.22456244280442,-3.2721281731864518,686.3541439324617,649.5244583748281,11.83886446748874,-3.107168725827655,0.038942329585552216,0.038942329585552216,0.5957468748092651,0.9132399840742366,0.5957456827163696,50.30408917959817,1351.904682068514,3,3,0.7248595099999875
test_C_00000147,C,4,dram_legacy,0,-1.0,-1.0,9.522870631350568,2.9025211318804125,81.50972804427147,123.62262162566185,8.697021531374345,2.830440523661592,0.2052774578332901,0.5832516551017761,0.2052774578332901,0.7831053681430965,0.22250331938266754,111.0852442491836,5212.467687540044,3,3,0.706929215999935
test_C_00000150,C,3,dram_legacy,0,-1.0,-1.0,9.440917476366112,4.514863455025825,43.92722588032484,853.0214197933674,11.890986509114839,0.8016563306747423,0.029664048925042152,0.10924015194177628,0.029664048925042152,0.5546903842697756,0.10799836367368698,65.20246661077212,2985.0786598648606,3,3,0.6782568069997978
test_C_00000153,C,2,dram_loose,0,-1.0,-1.0,8.98587771940854,-1.1910927783759029,967.6880244091791,697.3464818296642,12.0,-0.9494852811686715,0.0,0.026550212875008583,0.0,0.8700182972725551,0.7441936135292053,32.6352376707657,623.8676810281858,2,2,0.4973741250000785
test_C_00000156,C,1,dram_dense,0,-1.0,-1.0,9.101311302449869,1.640980996349496,223.2151432691105,968.7171137024457,9.254169983846877,1.4824160698514335,0.0,0.023775318637490273,0.0,0.5989699612441817,0.6467657685279846,43.16709496927477,1320.1795775315975,3,3,0.6711870949998229
test_C_00000159,C,4,dram_loose,0,-1.0,-1.0,11.928861713515678,1.5360130822902036,129.3310212790966,865.9641234390438,8.884794420787461,1.3417012003470452,0.3000207245349884,0.3000207245349884,0.3016447126865387,0.8376354484070517,0.36602452397346497,72.11797959181806,3738.955704823229,2,2,0.4916024449998986
test_C_00000162,C,3,dram_legacy,0,-1.0,-1.0,8.314883912986119,-2.340859583141853,512.8548460453749,249.15057322382927,10.356441701665174,-2.6656314599949527,0.16692385077476501,0.16692385077476501,0.6747265458106995,0.1877336956473223,0.6925423741340637,148.6073640332221,9393.119883280939,2,2,0.49997600599999714
test_C_00000165,C,2,dram_wide,0,-1.0,-1.0,10.277114561310372,-1.9106007072407076,975.1835311188959,666.067034068262,12.0,2.4388572665043604,0.0,0.04302103817462921,0.0,0.4813286236363013,0.38460829854011536,74.03071669700792,3063.2890251952444,3,3,0.6429182440001568
test_C_00000168,C,1,dram_compact,0,-1.0,-1.0,10.503761088178182,4.717021176679836,893.0,344.44907224178314,8.324822494584861,4.539186497411347,0.03253449872136116,0.03253449872136116,0.17427146434783936,0.9993890132070933,0.8915687799453735,30.952712952691222,720.0786153220788,2,2,0.5157562179997512
test_C_00000171,C,4,dram_1x,0,-1.0,-1.0,11.514749698256324,2.996608259299945,225.77311442792416,47.20680291950703,11.904770299678223,2.289323109506631,0.009848615154623985,0.009848615154623985,0.021329365670681,1.0,0.6899948120117188,16.502711696747802,163.00597916966572,3,3,0.6740326489998552
test_C_00000174,C,3,dram_compact,0,-1.0,-1.0,11.01236723342471,2.914527772707852,59.45968842500076,964.5450645829291,11.237438184087544,2.053243593988728,0.0,0.07678098976612091,0.0,0.9760479245286681,0.5654394030570984,59.92672141357941,1941.0610555758062,2,2,0.49865326100007223
test_C_00000177,C,2,finfet_10nm,0,-1.0,-1.0,9.821138825015382,-1.483192898571203,384.8661935329437,392.70554457604885,9.850818967072467,-1.8442172651610445,0.08410409837961197,0.08410409837961197,0.8634284138679504,0.285708799610498,0.8873517513275146,103.36444489068595,5204.727454787854,2,2,0.4978110840002046
test_C_00000180,C,1,dram_dense,0,-1.0,-1.0,10.588446999934398,-0.4726958573804465,104.5,837.954642623663,8.84796756566759,-0.9163043443315669,0.02873566374182701,0.02873566374182701,0.3927953243255615,0.6516548994635628,0.9360689520835876,38.20151225622679,726.530773732143,2,2,0.4871394169999803
test_C_00000183,C,4,finfet_45nm,0,-1.0,-1.0,10.235104293891611,-0.5789155569803004,301.0750593468547,870.422845095396,11.766415679170525,-0.027237151988335283,0.2712065875530243,0.2712065875530243,0.4425360858440399,0.9504862704409351,0.5054738521575928,52.2894440280303,2165.892765199352,2,2,0.515145346999816
test_C_00000186,C,3,finfet_45nm,0,-1.0,-1.0,11.135422894820511,-4.630318448135747,-2.836808339451835,889.7502612495583,10.48511224227467,-3.8669225838300667,0.0,0.060359228402376175,0.0,0.8119169708830526,0.5370325446128845,49.96284190476276,1319.6123468785217,2,2,0.5207387229997948
test_C_00000189,C,2,dram_compact,0,-1.0,-1.0,8.23926213716893,4.62748071323632,931.3381143212318,64.79897011816502,8.881043218985221,4.7135150553269956,0.028033006936311722,0.028033006936311722,0.15476030111312866,0.9254055752165466,0.5490667223930359,41.67036503768153,1083.7151105090943,3,3,0.723018430999673
test_C_00000192,C,1,dram_wide,0,-1.0,-1.0,8.411884647417205,3.232695145761417,260.5,615.5,10.866029794207027,2.8318782749838776,0.03159606084227562,0.03159606084227562,0.0365079827606678,0.9366928243732272,0.19718396663665771,32.43914519232845,442.5054790933065,3,3,0.7385320389998924
test_C_00000195,C,4,finfet_14nm,0,-1.0,-1.0,9.453811905569514,-1.970226178794313,340.1563428938389,782.682894796133,9.486479344001364,-1.892210150169316,0.01746339350938797,0.01746339350938797,0.6938188672065735,0.9092380125918502,0.7864431142807007,23.995804122138292,341.50778485793734,3,3,0.6518824039999345
test_C_00000198,C,3,finfet_7nm,0,-1.0,-1.0,9.755620551196492,-4.518784160012911,9.363892469876,745.8306729074825,9.973845692541918,-3.8055901160272554,0.0,0.04965292662382126,0.0,1.0,0.6343884468078613,56.51188404750363,1764.8998254421779,2,2,0.48121979600000486
test_C_00000201,C,2,finfet_28nm,0,-1.0,-1.0,8.72705832932068,0.7841614327934421,626.914348244667,797.562747657299,10.3563904019142,0.6051644953404555,0.3601440489292145,0.6113967299461365,0.3601440489292145,0.3731322388858532,0.4769193232059479,183.43678721025935,14848.411666311033,3,3,0.6963378160003231
test_C_00000204,C,1,finfet_22nm,0,-1.0,-1.0,9.5202063323471,-2.6738510409640317,42.0,172.0,12.0,-1.8167126579911954,0.0280094463378191,0.0280094463378191,0.04337814077734947,0.9203117255796641,0.30284586548805237,27.805553862987445,375.81390994736597,2,2,0.4794813020002948
test_C_00000207,C,4,finfet_7nm,0,-1.0,-1.0,8.635394521399958,-0.3527205795765233,922.0866427794099,495.0752905905247,8.697247331922894,-0.1810098873310342,0.42349451780319214,0.42349451780319214,0.45185983180999756,0.12688387774119822,0.45185962319374084,259.6809520266196,13350.814143099848,2,2,0.4886699359999511
test_C_00000210,C,3,finfet_14nm,0,-1.0,-1.0,11.398740145403416,1.898346944408729,678.867756858468,96.76679240167141,8.0,1.696655769848629,0.04124711453914642,0.04124711453914642,0.4964752495288849,0.7525655272471891,0.617850661277771,36.862103932221174,758.0689345143388,3,3,0.6888534429999709
test_C_00000213,C,2,finfet_14nm,0,-1.0,-1.0,8.739360445490096,-4.3788368199093295,150.5,930.4428259953856,8.657189293773259,-4.411608576497912,0.011816304177045822,0.011816304177045822,0.7412662506103516,1.0,0.7693487405776978,17.289333212080233,201.18117895164679,3,3,0.7176813350001794
test_C_00000216,C,1,dram_dense,0,-1.0,-1.0,9.894286491175272,-2.072115881819589,433.89846819639206,61.3845594599843,12.0,-1.2736829959980933,0.012128599919378757,0.012128599919378757,0.08534840494394302,0.8141805430936149,0.38575127720832825,21.556155706624235,318.1868267215835,2,2,0.5244793259998914
test_C_00000219,C,4,finfet_22nm,0,-1.0,-1.0,8.828474944196554,-4.500595677460423,1000.2690490725192,90.49777461901297,12.0,-4.515939137491938,0.0,0.1107562780380249,0.0,0.44160397770509024,0.138620987534523,106.5304933240764,5593.439659654854,3,3,0.6762856569998803
test_C_00000222,C,3,finfet_14nm,0,-1.0,-1.0,10.718928197871673,4.213052257515704,108.46221151202917,52.49999126680541,11.62809642554498,3.21026857683374,0.02503781020641327,0.02503781020641327,0.13760849833488464,0.953631106871024,0.2805728018283844,34.78643087967229,715.7012015187586,3,3,0.700761964999856
test_C_00000225,C,2,finfet_14nm,0,-1.0,-1.0,10.872073225163064,0.7954988377629508,868.0339688049831,50.35758602871651,8.0,-0.21939265731953758,0.0,0.12556499242782593,0.0,0.9748533321687567,0.44426774978637695,111.60961175314947,6502.867880064433,3,3,0.6727691030000642
test_C_00000228,C,1,dram_legacy,0,-1.0,-1.0,8.301701655153002,1.5508901137707918,968.1866077083316,363.31299608236685,10.535066983908417,1.234776853664676,0.0,0.03191008046269417,0.0,0.9391172823731405,0.9290180206298828,28.038814120429233,464.0666095559122,3,3,0.6689423009997881
test_C_00000231,C,4,dram_1x,0,-1.0,-1.0,10.967252209351336,-1.981396003666136,419.4462440274656,438.85812959074974,11.112908584137918,-2.26067400598884,0.175120547413826,0.175120547413826,0.23184601962566376,0.8075789764605446,0.3236048221588135,32.73585115746232,879.375067500811,3,3,0.7588103319999391
test_C_00000234,C,3,dram_1x,0,-1.0,-1.0,8.92960000392282,-1.5026300906547174,53.508581548929214,43.664583176374435,11.44060832814486,-2.5589256926650408,0.13097621500492096,0.13097621500492096,0.14998449385166168,0.8606349047432411,0.5051934719085693,72.47861312592266,3088.7661518738055,2,2,0.520625654000014
test_C_00000237,C,2,finfet_14nm,0,-1.0,-1.0,9.983244315469886,-3.682698293507375,70.88569373810843,5.06450300912779,10.041558725139225,-4.653925131838927,0.0,0.09328535944223404,0.0,0.2584865487927087,0.5863773822784424,181.42043914906918,17507.85832817768,3,3,0.6763934870000412
test_C_00000240,C,1,dram_compact,0,-1.0,-1.0,8.63780989017922,0.045481315566711,52.43139286150545,961.6348108069212,8.643760967033279,-0.01578674099570984,0.0,0.0351116918027401,0.0,0.8027133681611565,0.9199143052101135,49.67270231196003,1347.978759849105,2,2,0.4990094670001781
test_C_00000243,C,4,dram_compact,0,-1.0,-1.0,11.29915920427336,4.455914110678355,775.8260405659676,924.857606947422,11.504283772412053,4.525360880082836,0.28805699944496155,0.28805699944496155,0.5169492959976196,0.7649871621894951,0.5736883878707886,69.80027319915384,3206.515241846986,2,2,0.5009980070003621
test_C_00000246,C,3,finfet_22nm,0,-1.0,-1.0,9.21019851238664,2.6536286987751803,921.563947096467,701.4231798499823,9.268204162790674,2.5165113856659094,0.264987587928772,0.3759092092514038,0.264987587928772,0.8175781826023394,0.31275296211242676,145.8760634206751,7976.092228131545,3,3,0.7070182150000619
test_C_00000249,C,2,dram_compact,0,-1.0,-1.0,11.268096458504456,3.67742065062661,580.5209348481148,77.5,8.767862292082887,2.8909563641451457,0.016565470024943352,0.016565470024943352,0.11926164478063583,0.8388419139825304,0.35007309913635254,23.099406518676304,342.96769125422605,3,3,0.6984457449998445
test_C_00000252,C,1,finfet_22nm,0,-1.0,-1.0,8.112046289140363,-0.1812431677672297,619.7292794355,42.76969764727217,8.563613175809527,-0.47245228601015055,0.0,0.011665401048958302,0.0,0.7697478505869845,0.6818104386329651,36.91645394481722,1115.488379250618,3,3,0.669344289000037
test_C_00000255,C,4,dram_wide,0,-1.0,-1.0,11.61191624844389,-0.5100414833825448,856.4883525968299,27.251566054807753,11.77472548202504,-0.5405567039991026,0.0,0.020977986976504326,0.0,0.8024528542626214,0.9481573700904846,34.8177615402266,792.8432584946046,2,2,0.48537653999983377
test_C_00000258,C,3,finfet_22nm,0,-1.0,-1.0,11.726611116024117,0.821862185357114,939.5,280.80974274873734,11.23681712438369,1.035605019002047,0.025245564058423042,0.025245564058423042,0.4125749170780182,0.8612611592971289,0.42526960372924805,30.275590091082286,394.5675583464895,2,2,0.49173401699999886
test_C_00000261,C,2,dram_legacy,0,-1.0,-1.0,9.410394599425809,-1.8583981420354412,181.578659594059,953.0,11.364117205899309,-0.9263285420200208,0.24442756175994873,0.24442756175994873,0.593044102191925,0.7862331722433644,0.6405553221702576,47.78019623177076,1908.6149956501363,1,1,0.2857474900001762
test_C_00000264,C,1,dram_legacy,0,-1.0,-1.0,8.91680908179929,-1.066752049196694,747.0,132.0,10.444253241093687,-1.0568006344834984,0.017240215092897415,0.017240215092897415,0.36104220151901245,0.6794505481445628,0.4510229825973511,30.857813385158455,518.1463165997294,3,3,0.6017413899999156
test_C_00000267,C,4,finfet_22nm,0,-1.0,-1.0,8.759311546862282,1.008339132713897,330.9471718631685,515.6583074331284,11.637310734312836,0.9380722079869894,0.19101348519325256,0.2701214551925659,0.19101348519325256,0.8849663252782616,0.3043818175792694,44.054494064599616,1402.2556377068097,3,3,0.6499589669997476
test_C_00000270,C,3,dram_legacy,0,-1.0,-1.0,11.629334086354952,1.8721351108701183,59.65708048641682,57.5,8.69916711541714,1.8745715751826357,0.05374752730131149,0.05374752730131149,0.9171224236488342,0.914427843248098,0.941530704498291,55.649583150204556,1678.035640278422,2,2,0.43129015800013804
test_C_00000273,C,2,dram_dense,0,-1.0,-1.0,8.60676668468755,-4.978445490042367,944.7405549287796,880.6417574286461,11.765091894685606,-4.931786292334818,0.039709653705358505,0.039709653705358505,0.20931081473827362,0.9264594451567474,0.3127537965774536,59.92827894186957,1879.180955269393,2,2,0.4695686300001398
test_C_00000276,C,1,finfet_7nm,0,-1.0,-1.0,10.287975413626146,-0.8844954271172076,51.08118706059179,77.59952150235819,8.424848553023836,-0.7658327323202385,0.0,0.17083407938480377,0.0,0.3791688433170241,0.8031424283981323,214.4810138877974,13600.195359705776,3,3,0.649648291000176
test_C_00000279,C,4,dram_legacy,0,-1.0,-1.0,10.731622424164042,3.5045011568921094,655.4640322266191,960.875528603136,10.446857891450477,3.061502171326211,0.0,0.012691791169345379,0.0,0.8421547366699328,0.8906072974205017,27.502377555351057,478.31188862308704,2,2,0.47536804900028073
test_C_00000282,C,3,finfet_22nm,0,-1.0,-1.0,8.908290688134104,-3.045060953671219,93.41782265901566,917.7233344018459,8.990440030929392,-2.795042545993887,0.1859344244003296,0.1859344244003296,0.5858492851257324,0.45376991288882507,0.6149315237998962,52.93285232934047,1659.5687104412866,3,3,0.65063885499967
test_C_00000285,C,2,finfet_22nm,0,-1.0,-1.0,10.21934070832956,0.3936800400919624,960.3333807469471,34.454134751182714,10.605519590339442,-0.23586093616544695,0.0,0.015686117112636566,0.0,0.8983997948089515,0.7987433671951294,33.21265189281962,731.0817038518471,2,2,0.4477707969999756
test_C_00000288,C,1,finfet_10nm,0,-1.0,-1.0,8.352677351894831,-0.3711594529151396,972.9659422876559,44.68682878407237,11.911153866745005,-0.20697899152048335,0.0,0.13858959078788757,0.0,0.5429997451774565,0.8221019506454468,77.03250778413198,4463.103109868939,2,2,0.4598669759998302
test_C_00000291,C,4,finfet_28nm,0,-1.0,-1.0,9.67508624053538,2.1096174643872603,890.4889229824767,153.48007306829095,8.166729770329217,1.8975701488260006,0.19637781381607056,0.19637781381607056,0.23157024383544922,0.4121152539265657,0.2619209885597229,120.02708272498718,5769.260479010762,3,3,0.666974608000146
test_C_00000294,C,3,finfet_28nm,0,-1.0,-1.0,8.626418708872212,2.349577177577588,390.9540380463004,216.38065496087074,8.617613948865198,2.052999214843442,0.20607982575893402,0.20607982575893402,0.4656051993370056,0.2805676162814702,0.500881016254425,205.55273138603474,11241.601251327254,3,3,0.6800308440001572
test_C_00000297,C,2,finfet_10nm,0,-1.0,-1.0,9.54386884737978,-4.045833772010477,777.9954222292006,47.2104450785161,9.545987520588797,-4.584932134665434,0.0,0.011809118092060089,0.0,0.9661354971283785,0.7755124568939209,20.711689527979864,310.5242571262023,3,3,0.6388440249997984
test_C_00000300,C,1,finfet_14nm,0,-1.0,-1.0,9.562780736988948,-1.5880534118342091,217.04918833501097,956.5682247785651,9.81640089016875,-1.6829767800072906,0.0,0.040912386029958725,0.0,0.8320839784981974,0.7345033884048462,68.70563596044585,2370.4231061726396,3,3,0.5940638120000585
test_C_00000303,C,4,dram_legacy,0,-1.0,-1.0,10.03923349679084,0.8671524385630018,525.4725463166833,347.597259901464,12.0,1.2474321748524149,0.20944252610206604,0.20944252610206604,0.4458620548248291,0.9337989178574859,0.4954245090484619,42.61569038002688,1418.7620195219122,3,3,0.6209289049998006
test_C_00000306,C,3,finfet_22nm,0,-1.0,-1.0,8.665447873051413,-3.744636442153867,850.090181261301,904.7618851065636,8.84087099978171,-4.024203483838479,0.11162319779396057,0.2755184471607208,0.11162319779396057,0.8767557990300562,0.26541197299957275,29.416413060085368,727.0613932424102,3,3,0.6506775150000976
test_C_00000309,C,2,finfet_14nm,0,-1.0,-1.0,8.79234631311655,0.9025197027922164,37.90013174065352,81.38052500497136,8.73017031022861,0.7256470041698214,0.0,0.05346803739666939,0.0,0.5196955391790976,0.8014290928840637,72.98422502421077,2587.077596164599,2,2,0.44054793499981315
test_C_00000312,C,1,finfet_14nm,0,-1.0,-1.0,8.266828987024049,3.681344504635257,57.471664905548096,950.068960994482,10.91162115813957,3.3091787253239113,0.06430783122777939,0.11738483607769012,0.06430783122777939,0.7018957512621606,0.18223372101783752,36.41483860218099,944.4391447500072,3,3,0.6233066949998829
test_C_00000315,C,4,finfet_7nm,0,-1.0,-1.0,11.71173240066991,-1.1399665383459134,138.45348688960075,647.298175573349,8.0,-1.1281315001819348,0.19322508573532104,0.19322508573532104,0.45222410559654236,0.8110673954023393,0.5121305584907532,82.53153448008898,3514.8337263672856,3,3,0.6870924429999832
test_C_00000318,C,3,finfet_22nm,0,-1.0,-1.0,11.53442087427798,-1.27290628773841,606.0725039839745,709.798991844058,11.63111061380241,-1.7000546448381144,0.27917322516441345,0.27917322516441345,0.28820326924324036,1.0,0.3908722996711731,75.67219147623705,4429.866316615511,3,3,0.6726183450000462
test_C_00000321,C,2,finfet_14nm,0,-1.0,-1.0,9.969705059051964,-4.798342891053215,173.62343096733093,954.0,12.0,-1.2167730718383662,0.07736389338970184,0.07736389338970184,0.11470873653888702,0.26582143043563095,0.20686423778533936,108.51044026872796,4737.162329244711,3,3,0.6733818809998411
test_C_00000324,C,1,dram_dense,0,-1.0,-1.0,11.357381295131702,-4.2300165915937615,517.5381370550243,964.4317280558935,8.365606529348224,-3.9737865166652653,0.0,0.011842938140034676,0.0,0.8664718819011065,0.7693046927452087,24.20491399605367,385.8112580667566,2,2,0.4708768670002428
test_C_00000339,C,4,dram_compact,0,-1.0,-1.0,9.18378104827086,-4.488839015186951,938.0,71.96059443801641,8.0,-4.403922247334399,0.026020636782050133,0.026020636782050133,0.07067981362342834,0.5754732574153403,0.20369602739810944,49.66854535130408,1325.861572017268,3,3,0.611548615999709
test_C_00000342,C,3,finfet_7nm,0,-1.0,-1.0,8.63274896887924,-4.576590044324664,937.2029662430286,74.0,8.453772787361821,-4.12590292133322,0.026587454602122307,0.026587454602122307,0.4306650161743164,0.6872655663981674,0.7727940678596497,50.65282340541695,1909.898738427173,3,3,0.628449687000284
test_C_00000345,C,2,finfet_45nm,0,-1.0,-1.0,10.799612121722644,-4.080824605540569,999.223706770487,77.50133262171428,10.935200302935682,-5.0,0.0,0.007315381430089474,0.0,0.9785759235303726,0.6639059782028198,17.864351956496478,263.5790928389664,2,2,0.4359054820001802
test_C_00000348,C,1,dram_legacy,0,-1.0,-1.0,8.366418392665004,-1.945158068238758,618.581850938499,153.4706429746002,10.846510504239758,-1.9487175296784716,0.10633443295955658,0.10633443295955658,0.9357694983482361,0.7471765277467729,0.9357690811157227,130.8636389361516,7174.680818159443,2,2,0.4777493639999193
test_C_00000327,C,4,dram_dense,0,-1.0,-1.0,9.477842482134276,-3.998181962678655,701.5,887.8657788038254,8.199365744017614,-4.188440299331147,0.05625196546316147,0.05625196546316147,0.06107640638947487,1.0,0.28283849358558655,41.49326094347677,1113.7885991037408,3,3,0.6379395839999233
test_C_00000330,C,3,finfet_14nm,0,-1.0,-1.0,8.498396193106688,-4.495257808596889,515.8847570642829,937.3316863775253,11.56693453041167,-4.37963968074328,0.09083675593137741,0.09083675593137741,0.4188196063041687,0.7628179128393656,0.45531412959098816,69.70175272113649,2462.1253651848415,2,2,0.4773249299996678
test_C_00000333,C,2,finfet_28nm,0,-1.0,-1.0,8.081531704725101,4.392162451953144,695.9198719788394,29.190824207534185,8.31295909656622,4.381021425349148,0.0,0.08685996383428574,0.0,0.47272177988491654,0.7357221841812134,85.48778594191096,4065.370447075242,3,3,0.6232080690001567
test_C_00000336,C,1,finfet_10nm,0,-1.0,-1.0,8.521254912172534,-0.0836144599082358,125.0,101.89624278247356,11.791628787899146,0.00350816466571318,0.02385709062218666,0.02385709062218666,0.1879412978887558,0.9114061344244279,0.3081963360309601,12.913362867541755,117.49932606954226,3,3,0.6624295760002497
test_C_00000351,C,4,dram_loose,0,-1.0,-1.0,10.866866556698486,4.782482413716993,768.0094001889229,301.23834016919136,10.829587596014909,3.1962963320180573,0.2132183462381363,0.35107314586639404,0.2132183462381363,0.44102406948691264,0.23713548481464386,151.17045401397658,10070.070574339203,3,3,0.6671228200002588
test_C_00000354,C,3,dram_legacy,0,-1.0,-1.0,8.457367087123313,-4.193525281952124,821.1147468063771,994.3230306565275,10.867691342999484,-2.990706215990803,0.0,0.02015816979110241,0.0,0.8918050494648336,0.5752261877059937,29.919164151987662,546.3276967460641,2,2,0.46856684200020027
test_C_00000357,C,2,finfet_7nm,0,-1.0,-1.0,9.094644381403622,-1.5119056430623767,973.637850915741,281.3301345658762,8.954607078252616,-0.9389492491534173,0.0,0.027083106338977814,0.0,0.8105845256425458,0.6573569178581238,42.767227153371216,1111.3667138880553,2,2,0.48443217500016544
test_C_00000360,C,1,dram_loose,0,-1.0,-1.0,9.33324431879852,-3.833662806118844,49.5,190.5,12.0,-3.69147973649006,0.022352034226059914,0.022352034226059914,0.16275878250598907,0.7177792757211426,0.46605950593948364,31.282354807258503,637.8337647275716,3,3,0.724623149999843
test_C_00000363,C,4,finfet_14nm,0,-1.0,-1.0,10.9674447509455,-0.6205947555266107,199.09774881601334,548.9628568887711,8.162219264265515,-0.5897314231662601,0.2566196620464325,0.5936310291290283,0.2566196620464325,0.4076003094941943,0.33264628052711487,80.39398558699462,4441.349171074241,3,3,0.7324197550001372
test_C_00000366,C,3,finfet_7nm,0,-1.0,-1.0,11.13067364317182,-0.7648344151381794,696.7106063184375,966.4525025291006,9.262181894304987,-0.7815705974868911,0.0,0.028073683381080627,0.0,0.8176036880179491,0.6072534322738647,44.69951605281178,1019.4338929460852,3,3,0.7573679770002855
test_C_00000369,C,2,dram_legacy,0,-1.0,-1.0,8.895803843514093,-3.3090143324517927,275.2845846116543,188.19903396070004,8.854693764755277,-3.45737288265747,0.028208790346980095,0.028208790346980095,0.9043729305267334,0.8575937805453724,0.9043722748756409,39.68509223354843,1090.1701745062414,2,2,0.5175786690001587
test_C_00000372,C,1,finfet_28nm,0,-1.0,-1.0,9.045287091329053,-0.0396152007419061,601.0,939.0969420596957,11.7896919077995,0.0061881639940554595,0.012378000654280186,0.012378000654280186,0.1992405205965042,0.7797804447399878,0.46177685260772705,15.569704479111707,160.37364263611911,3,3,0.6161093330001677
test_C_00000375,C,4,dram_loose,0,-1.0,-1.0,9.152703295879109,1.6255922488192267,475.74992283530867,32.678834802661285,10.930734932437744,1.7138918001847387,0.0,0.01946968398988247,0.0,0.9064700656011883,0.668927788734436,32.55030515070787,579.1413130387552,2,2,0.5525276190001023
test_C_00000378,C,3,finfet_7nm,0,-1.0,-1.0,8.46572470179809,-1.248966624897986,960.3124386782306,595.7945668202584,8.5048222680883,-1.99541929085163,0.0,0.005892269778996706,0.0,1.0,0.5314981937408447,17.072541168410243,233.39313199245822,3,3,0.7545689300000049
test_C_00000381,C,2,dram_loose,0,-1.0,-1.0,9.050382040075206,-4.305938928184521,106.8021947145462,943.5,8.69499367016483,-3.7541752799932704,0.01015310175716877,0.01015310175716877,0.19237583875656128,0.902045898800291,0.5262500047683716,26.280794309724698,521.2559579995365,3,3,0.702681216000201
test_C_00000384,C,1,finfet_45nm,0,-1.0,-1.0,9.251593905382151,2.940298138569524,545.4657908715308,956.424864448607,12.0,2.671928913665236,0.049106091260910034,0.049106091260910034,0.6881248950958252,0.2842441246335103,0.6881255507469177,75.9735941832871,2567.74971951657,3,3,0.6256608969997615
test_C_00000387,C,4,finfet_28nm,0,-1.0,-1.0,11.226795400285432,-3.190422885490407,826.7241178005934,719.8418546915054,11.365628413293033,-2.468992997173494,0.1679002344608307,0.1679002344608307,0.49461182951927185,0.9270839009641277,0.5272238254547119,42.97771792371752,1379.7157625033392,3,3,0.7194644890000745
test_C_00000390,C,3,dram_dense,0,-1.0,-1.0,10.877266988749556,0.6531744936590256,962.9598272019899,261.7238578336116,8.335118513950691,0.1607286508269542,0.0,0.05861235782504082,0.0,0.6139174450150903,0.5453629493713379,57.55506748133563,1821.726467139302,3,3,0.725326989000223
test_C_00000393,C,2,dram_legacy,0,-1.0,-1.0,9.362045448005986,-4.718342167742577,1007.4821314099829,84.5863408765677,10.469934173688136,-4.03676546049886,0.0,0.05217095464468002,0.0,0.6260699570581927,0.8490620851516724,55.254817423678645,1919.778722636379,3,3,0.654579177999949
test_C_00000396,C,1,finfet_14nm,0,-1.0,-1.0,8.14277300226994,-2.3248594986335918,930.7340318858624,92.32795338332653,8.075105965354444,-2.4109385766658256,0.12068045884370804,0.12068045884370804,0.823452889919281,0.44354406991171513,0.8411720395088196,112.66114538820187,5750.485443693825,3,3,0.6261104870000054
test_C_00000399,C,4,dram_1x,0,-1.0,-1.0,8.046413482507056,-2.998698180737964,994.1711168870246,58.920891967531745,12.0,-3.1519093633336137,0.0,0.00963251106441021,0.0,0.8839760491084162,0.4477423131465912,15.217382737467899,141.80893286764308,3,3,0.6046209599999202
test_C_00000402,C,3,dram_wide,0,-1.0,-1.0,11.610331766772036,3.2392977689530564,216.97811724516208,993.2263770452959,12.0,4.229710109982335,0.0,0.011069121770560741,0.0,0.9098880229229543,0.6277135014533997,22.009657024983728,318.169172360676,3,3,0.6384370829996442
test_C_00000405,C,2,finfet_22nm,0,-1.0,-1.0,10.027282259733068,-2.5182543943052926,944.0402674688958,982.1771560244472,10.465265708404004,-2.1569041551506696,0.0,0.02704760432243347,0.0,0.5482280853644965,0.8554278016090393,56.241641759051824,1818.3690561890312,2,2,0.4178343210001003
test_C_00000408,C,1,finfet_14nm,0,-1.0,-1.0,11.407345410716466,1.7380151180129086,717.9196069455002,25.99625993906144,8.777518031948048,1.7579997756695547,0.0,0.03491038829088211,0.0,0.7495724127127559,0.8760253190994263,38.37064929616967,799.7328620052588,3,3,0.5738442170004419
test_C_00000411,C,4,dram_legacy,0,-1.0,-1.0,8.869598310263154,-4.602691133207257,929.8983216509223,938.6078725755215,9.185681217250162,-4.609056535751269,0.19507169723510742,0.19507169723510742,0.37074014544487,0.49293035541866803,0.44979625940322876,103.903406615037,4676.082197442974,3,3,0.6060993810001492
test_C_00000414,C,3,dram_dense,0,-1.0,-1.0,10.821611893931502,1.1029801345883945,270.95096700798325,972.7023379617287,9.55488990313156,1.3009805618335997,0.0,0.022038647904992104,0.0,0.8379294499306916,0.713224470615387,36.56039323743767,996.4255353202271,3,3,0.6528105359998335
test_C_00000417,C,2,dram_1x,0,-1.0,-1.0,9.221229730064916,-1.0694903879875706,71.88831920176744,149.8762018457055,10.761043944354006,-1.2476392161867578,0.10059487074613571,0.10059487074613571,0.5592770576477051,0.39391857936994945,0.559276282787323,151.77977693797706,9234.403689267734,2,2,0.42708575200003907
test_C_00000420,C,1,finfet_14nm,0,-1.0,-1.0,8.827359448954317,-2.712254935521811,632.4241103839042,39.74322961061249,10.578113920779101,-2.8892138198304034,0.0,0.015394398011267185,0.0,0.8499986297316531,0.7170789241790771,21.26226780028948,252.39647069250987,3,3,0.6035015899997234
test_C_00000423,C,4,dram_legacy,0,-1.0,-1.0,8.042216589414862,2.160913552152696,34.50697738059395,226.8515338873904,8.124541945582903,2.1443696616572736,0.0,0.01811201684176922,0.0,0.8617978643156005,0.7761582732200623,32.92487538592174,701.3316344506592,3,3,0.6236534539998502
test_C_00000426,C,3,dram_compact,0,-1.0,-1.0,8.037155501602488,0.1406333539167201,216.39668352901936,630.7150400578976,8.067228037892137,0.16103344381941126,0.11362515389919281,0.11362515389919281,0.44739076495170593,0.3684794147867842,0.519595205783844,180.03806588749256,10592.070206938211,3,3,0.6466084200001205
test_C_00000429,C,2,finfet_14nm,0,-1.0,-1.0,11.485425438356677,4.171238402066258,74.39139008522034,78.2198039740324,11.102946537139378,3.9548079420144133,0.29906460642814636,0.29906460642814636,0.7163145542144775,0.7443459818356716,0.8010613918304443,163.89909844008073,14125.37439886203,3,3,0.6044226440003513
test_C_00000432,C,1,dram_dense,0,-1.0,-1.0,11.09912473185777,2.556064297781345,782.0,219.6236098408699,8.0,3.1379140424817034,0.02497020736336708,0.02497020736336708,0.07859700173139572,0.6831562479999296,0.28093570470809937,44.07774114796487,995.7814151552511,3,3,0.590833807999843
test_C_00000435,C,4,finfet_28nm,0,-1.0,-1.0,10.948742972866375,-2.295425558100318,894.0,755.560005813837,8.0,-2.5091902633420253,0.038895491510629654,0.038895491510629654,0.20308558642864227,0.6890960086022997,0.589401125907898,42.95767374573262,820.5709529640302,3,3,0.5879552490000606
test_C_00000438,C,3,finfet_10nm,0,-1.0,-1.0,8.271953562381086,-1.9908469742525623,447.70655488967896,716.1278996318579,8.404557982067022,-1.9586813135197547,0.17921704053878784,0.17921704053878784,0.3842088282108307,0.5359566500585513,0.41766151785850525,105.96152989178906,5654.714609074639,3,3,0.6132740820003164
test_C_00000441,C,2,dram_legacy,0,-1.0,-1.0,10.38745765498522,-4.203208707679615,164.7811015099287,222.09958974272013,10.183401266761818,-3.9171813854979947,0.07872437685728073,0.07872437685728073,0.5430993437767029,0.3179879023759425,0.6176421046257019,114.05954826923589,5879.568793795208,3,3,0.6363965560003635
test_C_00000444,C,1,dram_compact,0,-1.0,-1.0,10.684944621243629,-4.339285893318815,141.17398209974985,-2.0225414218284,9.907257311370449,-5.0,0.0,0.0415152944624424,0.0,0.5018067283030412,0.7627068161964417,74.84516733608572,3640.2142964997615,3,3,0.617897087000074
test_C_00000447,C,4,finfet_10nm,0,-1.0,-1.0,10.813772557293628,1.390779959215786,987.07306368029,912.4128246977302,10.291152534671012,2.420232360675023,0.0,0.01590822823345661,0.0,0.7635148433991966,0.41361093521118164,25.06836264519315,354.8646318251495,3,3,0.6113569420003842
test_C_00000450,C,3,dram_loose,0,-1.0,-1.0,10.313823450040193,4.128908626163442,953.5,96.57509405165911,12.0,3.8985076038396005,0.03585933893918991,0.03585933893918991,0.3336627185344696,0.8062454406945914,0.42380237579345703,35.91222553462652,649.8975820176493,2,2,0.44048374400017565
test_C_00000453,C,2,dram_wide,0,-1.0,-1.0,11.855738928865213,4.398741373659883,242.5,396.2429495751858,8.143520493801248,4.06738554232781,0.021706607192754745,0.021706607192754745,0.08379806578159332,0.8560271180367072,0.2738364636898041,17.262670642468322,168.37734512077378,3,3,0.6607058139998117
test_C_00000456,C,1,dram_compact,0,-1.0,-1.0,9.519711228943574,-3.572569296301876,19.836359427122847,938.5295153468909,11.075721167189972,-4.008928577169569,0.0,0.08429484069347382,0.0,0.9744402928018744,0.7123569250106812,70.9286725498758,3709.5354315036334,3,3,0.643874004999816
test_C_00000459,C,4,dram_dense,0,-1.0,-1.0,10.56161432804258,-3.126706867958343,57.9015890955925,693.5112287374213,11.971067841311958,-0.20763745333445505,0.2576398253440857,0.46987631916999817,0.2576398253440857,0.5860446050162392,0.29443463683128357,197.96617101516253,15350.105492570357,3,3,0.6221748430002663
test_C_00000462,C,3,finfet_28nm,0,-1.0,-1.0,9.602646481807437,3.600431712511579,965.5720510206959,474.2708734291847,9.578897961682491,3.5378278288417038,0.0,0.1245480328798294,0.0,0.42067252616777356,0.7671687602996826,172.7999048448818,14236.087013117942,3,3,0.5956478230000357
test_C_00000465,C,2,dram_legacy,0,-1.0,-1.0,8.938884231090604,-1.8757840478157093,42.52383296045862,36.205546389453836,11.301388603117568,-0.8921123985112022,0.0,0.16375921666622162,0.0,0.43130955863652265,0.5411835312843323,136.67055242069205,7995.3746589464945,3,3,0.5792683380000199
test_C_00000468,C,1,dram_dense,0,-1.0,-1.0,9.12152155946839,0.3191618292384444,963.2164590399354,941.2050811046945,8.859856853787798,-0.42290082198525086,0.0,0.011430789716541767,0.0,0.7734243831758546,0.45079296827316284,38.77593785607399,1086.201671485394,3,3,0.5929296899998917
test_C_00000495,C,4,finfet_7nm,0,-1.0,-1.0,11.543646508818451,-3.931514508129295,49.55674497783184,409.709594771266,12.0,-0.6814297390087769,0.07722815871238708,0.2306983917951584,0.07722815871238708,0.7738267643643642,0.13113847374916077,36.61651048340628,1131.0961439525504,3,3,0.6021899060001488
test_C_00000498,C,3,dram_wide,0,-1.0,-1.0,8.706819928075586,4.394539241438961,352.8209939218334,959.9286733155988,8.643949705941289,3.843291348165559,0.0,0.030689431354403496,0.0,0.9102185368126255,0.5329200625419617,31.532838664320252,554.3849786704591,3,3,0.5823885929999051
test_C_00000483,C,4,dram_loose,0,-1.0,-1.0,10.312030995879669,-2.730268298419816,848.3841523826122,906.0241363868117,8.0,-2.640283479808532,0.14605268836021423,0.14605268836021423,0.42069342732429504,1.0,0.4394737184047699,52.83031238020527,1877.918911382753,3,3,0.5955096749999029
test_C_00000486,C,3,finfet_28nm,0,-1.0,-1.0,10.562560246198384,-4.888817186145474,744.2073773443699,49.667110085487366,11.531962347143088,-4.328985465312134,0.013565321452915668,0.013565321452915668,0.027124419808387756,0.969834994696084,0.5743926763534546,22.003424102379153,256.2723317118505,3,3,0.5625885979998202
test_C_00000489,C,2,dram_1x,0,-1.0,-1.0,11.922969752464487,0.2542637206905258,835.9630647189915,781.7995544821024,9.230528490219125,-0.1083620980046548,0.10137048363685608,0.10137048363685608,0.6323432326316833,0.8735792368442793,0.6645846962928772,83.31893797440691,4439.21279308807,2,2,0.4332296480001787
test_C_00000492,C,1,finfet_45nm,0,-1.0,-1.0,9.166821224821902,0.0721533899329056,122.82887169718742,569.2690877467394,12.0,0.25422992483138446,0.27192598581314087,0.27192598581314087,0.2982109785079956,0.8958405895802449,0.5476965308189392,51.982136579360066,2298.038789891567,3,3,0.5885394930000984
test_C_00000471,C,4,finfet_22nm,0,-1.0,-1.0,8.814397866051202,-4.560179216349988,342.5729771107435,297.3996016383171,10.927604241793304,-4.428151133574973,0.0444084033370018,0.2539500892162323,0.0444084033370018,1.0,0.10762806981801987,29.409701141463035,714.2775596677899,3,3,0.6229153539998151
test_C_00000474,C,3,dram_legacy,0,-1.0,-1.0,8.47672609096997,-0.8356353683272015,45.5,50.5,11.296852867679746,-0.8876179030028322,0.025235604494810104,0.025235604494810104,0.05922803655266762,0.9234460479137472,0.60017991065979,35.47187898795945,631.471887595094,3,3,0.6257707360000495
test_C_00000477,C,2,dram_legacy,0,-1.0,-1.0,8.910636511544523,0.8369837255950419,923.6495122081185,28.69183667056546,8.0,1.1539193628298698,0.0,0.014956279657781124,0.0,0.8990451755858315,0.34417960047721863,27.902083435279593,476.8528631513369,3,3,0.6118968010000572
test_C_00000480,C,1,dram_legacy,0,-1.0,-1.0,10.432686856798892,-1.7172775977356372,958.8254581107919,866.6512462129859,10.807755027699853,-1.816505616656853,0.0,0.037033263593912125,0.0,0.6465307305341563,0.8081287741661072,82.63731573670245,4010.3877920816794,3,3,0.5745358869999109
